1	0.00531992
2	0.00531992
3	0.00531992
4	0.00531992
5	0.00531992
6	0.00531992
7	0.00531992
8	0.00531992
9	0.00531992
10	0.00531992
11	0.00531992
12	0.00531992
13	0.00531992
14	0.00531992
15	0.00531992
16	0.0248717
17	0.0248941
18	0.0352262
19	0.0352145
20	0.0742886
21	0.000981059
22	0.000981319
23	0.000980956
24	0.182565
25	0.00191581
26	0.16287
27	0.00191672
28	0.178711
29	0.00191628
30	0.170085
31	0.00191498
32	0.171473
33	0.166383
34	0.16298
35	0.426136
36	0.00191485
37	0.182448
38	0.00191555
39	0.164199
40	0.00191595
41	0.00191582
42	0.167959
43	0.17006
44	0.0019159
45	0.162926
46	0.17162
47	0.186853
48	0.181004
49	0.00191625
50	0.00191661
51	1
52	0.00191592
53	0.394622
54	0.00191521
55	0.163013
56	0.0860067
57	0.000981865
58	0.0878718
59	0
60	0
61	0
62	0.346941
63	0.182607
64	0.167989
65	0.1679
66	0.168036
67	0.396586
68	0.394491
69	0.167886
70	0.420959
71	0.171516
72	0.350986
73	0.186995
74	0.332526
75	0.663445
76	1
77	0.574615
78	1
79	0.168006
80	0.181129
81	0.348819
82	0.663447
83	0.582911
84	0.170104
85	0.685168
86	0.57327
87	0.00191667
88	0.332532
89	0.423795
90	0.00191631
91	0.186931
92	0.394433
93	0.00531992
94	0.00531992
95	0.00531992
96	0.198991
97	0.000981309
98	0.000981436
99	0.0860826
100	0.00531992
101	0.00531992
102	0.00531992
103	0
104	0.169998
105	0.00191575
106	0.164337
107	0.00191599
108	0.169949
109	0.662988
110	0.587445
111	0.663739
112	0.663965
113	1
114	1
115	0.581175
116	0.33261
117	0.332602
118	0.663739
119	0.420216
120	0.423769
121	0.394526
122	0.166345
123	0.663795
124	0.394382
125	1
126	0.574798
127	0.663117
128	0.411868
129	0.164191
130	0.171582
131	0.0934649
132	0.0841231
133	0.000980617
134	0.0362853
135	0.0363106
136	0.0253897
137	0
138	0.0391164
139	0.124709
140	0.0749428
141	0.0391437
142	0.00558425
143	0.0254139
144	0.0254029
145	0.124709
146	0.039117
147	0.0391458
148	0.0957469
149	0.357392
150	0.663482
151	0.162987
152	0.164256
153	0.167934
154	0.00191631
155	0.394382
156	0.394621
157	0.167972
158	0.171417
159	0.396747
160	0.332601
161	0.350649
162	0.394606
163	0.168057
164	0.171613
165	0.399922
166	0.664
167	0.414238
168	0.00191666
169	0.696301
170	0.171617
171	0.397061
172	0.166369
173	0.396608
174	0.388919
175	0.663606
176	0.399805
177	0.00191643
178	0.171379
179	0.164306
180	0.170058
181	0.0367199
182	0.0271403
183	0.0271433
184	0.0055612
185	0
186	0.0265363
187	0.0265383
188	0.0265197
189	0.0265372
190	0.0265097
191	0.0265217
192	0.0265305
193	0.0373741
194	0.00558425
195	0.0055612
196	0.0271457
197	0.0376281
198	0.0271597
199	0
200	0
201	0
202	0.178742
203	0.00191647
204	0.00191662
205	0.00191507
206	0.00191635
207	0.186792
208	0.162842
209	0.186834
210	0.164346
211	0.180941
212	0.166313
213	0.396555
214	1
215	0.00191599
216	0.186869
217	0.686182
218	0.163066
219	0.411983
220	0.348234
221	0.57675
222	0
223	0.584787
224	1
225	0.17162
226	0.182681
227	0.394257
228	0.167901
229	0.162903
230	0.166451
231	0.171531
232	0.00191667
233	0.00191657
234	0.168032
235	0.164299
236	0.000981953
237	0.0386243
238	0.0385783
239	0.0385793
240	0.0263753
241	0.0055612
242	0
243	1
244	0.00191658
245	0.00191662
246	0.178631
247	0.348605
248	0.084121
249	0.000981655
250	0.0878543
251	0.0752196
252	0.040345
253	0.0403889
254	0.0055612
255	0.00558425
256	0.0355003
257	0.126995
258	0.000981079
259	0.400017
260	0.693347
261	0.178714
262	0.346721
263	0.170183
264	0.00191782
265	0.16645
266	0.00191621
267	0.00191707
268	0.350565
269	0.00191593
270	0.171575
271	0.203132
272	0.576499
273	0.343555
274	0.332421
275	0.662992
276	0.332365
277	0.420707
278	0.388917
279	0.167998
280	0.0019165
281	0.332196
282	0.35066
283	0.663906
284	0.164219
285	0.00191673
286	0.00191709
287	0.349479
288	0.164252
289	0.162988
290	0.202353
291	0.000981306
292	0.000981387
293	0.0391397
294	0.170132
295	0.00191741
296	0.00531992
297	0.00531992
298	0.000981587
299	0.187068
300	0
301	0
302	0.000981633
303	0.000980825
304	0.170293
305	0.000981521
306	0.167916
307	0.663657
308	0.171452
309	0.00191545
310	0.166479
311	0.170185
312	0.180942
313	0.396665
314	0.399538
315	0.573579
316	0.663343
317	0.351738
318	0.396588
319	0.00191662
320	0.69992
321	0.164284
322	1
323	0.663606
324	0.39462
325	0.343556
326	0.343258
327	0.186759
328	0.394293
329	0.700564
330	0.182586
331	0.170116
332	0.351738
333	0.0019159
334	0.164311
335	0.171558
336	0.00191616
337	0
338	0.162903
339	0.41237
340	0.00531992
341	0.0367551
342	0.180992
343	0.182632
344	1
345	0.00191727
346	0.00191693
347	0.394697
348	0.186901
349	0.18267
350	0.701672
351	0.692833
352	0.00191619
353	0.39694
354	0.426195
355	0.332675
356	0.396588
357	0.663775
358	0.421077
359	0.168003
360	0.576239
361	0.693967
362	0.16438
363	0.186817
364	1
365	0.700397
366	0.662655
367	0.00191631
368	0.388788
369	1
370	0.347
371	1
372	0.663451
373	0.424082
374	0.664
375	0.00191811
376	0.00191618
377	0.186917
378	0.00191734
379	0.394555
380	0.171626
381	0.00191721
382	0.394375
383	0.700073
384	0.164289
385	0.164392
386	0.00191571
387	0.351505
388	0.000981059
389	0.0271248
390	0.0271324
391	0.00561844
392	0.00561844
393	0.00561844
394	0.00561844
395	0.00561844
396	0.00561844
397	0.180998
398	0.001917
399	0.162978
400	0.00191592
401	0.166255
402	0.00191508
403	0.166363
404	0.00191615
405	0.00191634
406	0.178639
407	0.170101
408	0.00191671
409	0.348433
410	0.18263
411	0.00191787
412	0.186873
413	0.000981446
414	0.0871458
415	0.0860662
416	0.085155
417	0.000980914
418	0.0841256
419	0.000981313
420	0.0385988
421	0.0385942
422	0.0386008
423	0.0386206
424	0.0386103
425	0.0264018
426	0.00549882
427	0.00549882
428	0.00549882
429	0.00549882
430	0.00549882
431	0.00549882
432	0.00549882
433	0.00549882
434	0.00549882
435	0.00549882
436	0.00549882
437	0.00549882
438	0.00549882
439	0.00549882
440	0.00549882
441	0.00549882
442	0.00549882
443	0.00549882
444	0.00549882
445	0.00549882
446	0.00549882
447	0.00549882
448	0.00549882
449	0.00549882
450	0.00549882
451	0.00549882
452	0.00549882
453	0.00549882
