1	0
2	0
3	0
4	0
5	0
6	0
7	0
8	0
9	0
10	0
11	0
12	0
13	0
14	0
15	0
16	0.388857
17	0.395116
18	0.30756
19	0.428882
20	0.377626
21	0.43325
22	0.497257
23	0.336397
24	0.402395
25	0.345203
26	0.488697
27	0.362258
28	0.278998
29	0.269092
30	0.364713
31	0.33721
32	0.322221
33	0.42065
34	0.442322
35	0.422934
36	0.469005
37	0.277628
38	0.307555
39	0.523352
40	0.771292
41	0.361623
42	0.697641
43	0.566486
44	0.43287
45	0.266597
46	0.324816
47	0.337218
48	0.566082
49	0.416388
50	0.589857
51	0.888714
52	0.501343
53	0.785503
54	0.505818
55	0.414889
56	0.736157
57	0.512042
58	0.565856
59	0
60	0
61	0
62	0.888714
63	0.628158
64	0.469195
65	0.475948
66	0.888714
67	0.886617
68	0.886758
69	0.532721
70	0.856743
71	0.886585
72	0.650996
73	0.648418
74	0.63911
75	0.822457
76	0.613295
77	0.746871
78	0.887281
79	0.748779
80	0.386995
81	0.785216
82	1
83	0.609385
84	0.762067
85	0.944644
86	0.681775
87	0.491655
88	0.77624
89	0.862923
90	0.692228
91	0.361734
92	0.643164
93	0
94	0
95	0
96	0.46498
97	0.472342
98	0.563223
99	0.786519
100	0
101	0
102	0
103	0
104	0.62284
105	0.71189
106	0.536147
107	0.745551
108	0.670689
109	0.910113
110	0.802238
111	0.832504
112	0.910818
113	0.911402
114	0.669368
115	0.658656
116	0.886786
117	0.789755
118	0.677778
119	0.914213
120	0.814587
121	0.73727
122	0.594849
123	0.802447
124	0.836089
125	0.909906
126	1
127	0.886513
128	0.641935
129	0.569746
130	0.530756
131	0.576
132	0.596385
133	0.453594
134	0
135	0
136	0
137	0
138	0.676364
139	0.945941
140	0.831447
141	0.758113
142	0
143	0
144	0
145	0.862143
146	0.618138
147	0.52192
148	0.694527
149	1
150	0.758172
151	0.480314
152	0.545858
153	0.602209
154	0.574527
155	0.575952
156	1
157	0.687113
158	0.549889
159	0.719724
160	0.795388
161	0.886994
162	0.835335
163	0.854258
164	0.823423
165	0.910866
166	0.836895
167	0.652506
168	0.59041
169	0.771665
170	0.761152
171	0.85967
172	0.830245
173	0.779532
174	0.561592
175	0.801667
176	0.886548
177	0.59231
178	0.801877
179	0.859714
180	0.630671
181	0
182	0
183	0
184	0
185	0
186	0.703317
187	0.424588
188	0.625041
189	0.412629
190	0.610793
191	0.491355
192	0.496278
193	0.568384
194	0
195	0
196	0
197	0
198	0
199	0
200	0
201	0
202	0.694842
203	0.514819
204	0.611341
205	0.604965
206	0.682329
207	0.447415
208	0.760242
209	0.73755
210	0.484361
211	0.498916
212	0.385132
213	0.757375
214	1
215	0.461597
216	0.41969
217	0.684051
218	0.628071
219	0.617134
220	0.503017
221	0.802234
222	0
223	0.653076
224	0.801828
225	0.688026
226	0.525623
227	0.599006
228	0.827204
229	0.634788
230	0.45899
231	0.584513
232	0.516764
233	0.518915
234	0.349194
235	0.424971
236	0.304437
237	0.644896
238	0.480981
239	0.504444
240	0.285301
241	0
242	0
243	0.909704
244	0.526476
245	0.469862
246	0.709829
247	0.714169
248	0.744426
249	0.618215
250	0.487064
251	0
252	0
253	0
254	0
255	0
256	0.585514
257	0.430997
258	0.337715
259	0.825574
260	0.739822
261	0.577822
262	0.556753
263	0.671353
264	0.707866
265	0.71422
266	0.641051
267	0.687364
268	0.707065
269	0.625223
270	0.86807
271	0.825574
272	1
273	0.632418
274	0.810808
275	1
276	0.703965
277	0.844909
278	0.475933
279	0.911402
280	0.63173
281	0.852184
282	0.723803
283	0.802265
284	0.680385
285	0.832748
286	0.782302
287	0.583917
288	0.675959
289	0.731115
290	0.745364
291	0.620879
292	0.631239
293	0.630431
294	0.866717
295	0.511625
296	0
297	0
298	0.491305
299	0.677154
300	0
301	0
302	0.46759
303	0.542134
304	0.713112
305	0.64121
306	0.802864
307	0.548894
308	0.376556
309	0.63192
310	0.509248
311	0.463947
312	0.853419
313	0.820636
314	0.615934
315	0.58176
316	0.83034
317	0.83123
318	0.604581
319	0.782264
320	0.93952
321	0.686632
322	0.940674
323	0.830775
324	0.747176
325	0.565386
326	0.591904
327	0.607434
328	0.595821
329	0.888305
330	0.788077
331	0.662705
332	0.863428
333	0.614601
334	0.690071
335	0.704334
336	0.486995
337	0
338	0.56297
339	0.653124
340	0
341	0
342	0.479632
343	0.457431
344	0.88641
345	0.456745
346	0.506138
347	0.708467
348	0.493764
349	0.571016
350	0.801643
351	0.83055
352	0.768822
353	0.7457
354	0.591421
355	0.886784
356	0.704377
357	0.771718
358	0.772518
359	0.729686
360	0.562892
361	0.612293
362	0.702591
363	0.414092
364	0.702332
365	0.582809
366	0.661286
367	0.566808
368	0.474809
369	0.89397
370	0.514441
371	0.838645
372	0.738001
373	0.614651
374	0.790598
375	0.467942
376	0.42848
377	0.518667
378	0.555464
379	0.640245
380	0.677095
381	0.368595
382	0.444711
383	0.696103
384	0.457047
385	0.378882
386	0.40712
387	0.48266
388	0
389	0
390	0
391	0
392	0
393	0
394	0
395	0
396	0
397	0.280455
398	0.37386
399	0.296
400	0.32717
401	0.323808
402	0.376207
403	0.257156
404	0.258075
405	0.276628
406	0.280274
407	0.264134
408	0.247337
409	0.313438
410	0.249071
411	0.291192
412	0.24615
413	0.247212
414	0.293448
415	0.290686
416	0.290922
417	0.306957
418	0.281904
419	0.303932
420	0.35703
421	0.245894
422	0.257702
423	0.330657
424	0.280876
425	0.313514
426	0.304603
427	0.309292
428	0.313482
429	0.279471
430	0.253982
431	0.281486
432	0.238885
433	0.254034
434	0.247941
435	0.244855
436	0.226205
437	0.210366
438	0.240532
439	0.223265
440	0.244805
441	0.184433
442	0.218086
443	0.239274
444	0.188424
445	0.191045
446	0.191011
447	0.1799
448	0.179197
449	0.2272
450	0.177264
451	0.160537
452	0.0656859
453	0.0624107
