1	0.536075
2	0.552958
3	0.569242
4	0.498784
5	0.419067
6	0.270145
7	0.264102
8	0.289095
9	0.247757
10	0.190025
11	0.156244
12	0.132027
13	0.140233
14	0.316461
15	0.266171
16	0.371778
17	0.462358
18	0.461232
19	0.295024
20	0.362812
21	0.220972
22	0.332247
23	0.313224
24	0.365618
25	0.195553
26	0.463063
27	0.438236
28	0.268606
29	0.36676
30	0.320972
31	0.254678
32	0.261687
33	0.324425
34	0.158646
35	0.123411
36	0.111052
37	0.0842024
38	0.326786
39	0.182254
40	0.526862
41	0.556554
42	0.324442
43	0.271093
44	0.368138
45	0.53555
46	0.444632
47	0.659868
48	0.902223
49	0.846733
50	1
51	1
52	0.67007
53	0.806271
54	1
55	0.522149
56	0
57	0
58	0
59	0
60	0
61	0
62	0.806444
63	0.846982
64	0.655565
65	0.465626
66	0.900485
67	0.690557
68	0.804339
69	0.815159
70	0.902569
71	0.764283
72	0.640209
73	0.657687
74	0.538833
75	0.813202
76	0.658219
77	0.900012
78	0.900224
79	0.66344
80	0.806419
81	0.687378
82	0.688725
83	0.605249
84	0.687184
85	0.596856
86	0.814276
87	0.609595
88	0.538116
89	0.83787
90	0.614027
91	0.673351
92	0.761674
93	0.677763
94	0.615618
95	0.519091
96	0
97	0
98	0
99	0
100	0.877114
101	0.525738
102	0.495404
103	0
104	0.549767
105	0.760815
106	0.640675
107	0.675188
108	0.501823
109	0.458935
110	0.806125
111	0.626571
112	0.845963
113	0.787359
114	0.774506
115	0.676466
116	0.806647
117	0.738205
118	0.579981
119	1
120	0.944461
121	0.762738
122	0.740291
123	0.678127
124	0.787517
125	1
126	0.596992
127	0.71575
128	0.862073
129	0.692319
130	0.950519
131	0.770787
132	0.533253
133	0.475356
134	0.47398
135	0.3568
136	0.602104
137	0
138	0
139	0
140	0
141	0
142	0
143	0.43336
144	0.37681
145	0
146	0
147	0
148	0.670999
149	1
150	0.383296
151	0.777009
152	0.692778
153	0.49743
154	0.417325
155	0.80095
156	0.691743
157	0.900144
158	0.733681
159	0.901458
160	0.722419
161	0.828227
162	1
163	0.862736
164	0.801492
165	0.947294
166	0.852507
167	0.622156
168	0.698892
169	0.544878
170	0.46226
171	0.624873
172	0.50527
173	0.643604
174	0.572681
175	0.5367
176	0.517932
177	0.576965
178	0.453296
179	0.36276
180	0.459078
181	0.498453
182	0
183	0
184	0
185	0
186	0
187	0
188	0
189	0
190	0
191	0
192	0
193	0
194	0
195	0
196	0
197	0
198	0
199	0
200	0
201	0
202	0.570097
203	0.499597
204	0.457139
205	0.523132
206	0.433757
207	0.850353
208	0.566135
209	0.570334
210	0.45737
211	0.649837
212	0.748448
213	0.853182
214	0.901675
215	0.695596
216	0.51213
217	0.815115
218	0.489412
219	0.803095
220	0.730496
221	0.601536
222	0
223	0.759918
224	1
225	0.646117
226	0.543203
227	0.814514
228	0.655074
229	0.776589
230	0.64741
231	0.649678
232	0.523303
233	0.349078
234	0.724704
235	0.431013
236	0
237	0
238	0
239	0
240	0
241	0
242	0
243	1
244	0.483038
245	0.467228
246	0.344557
247	0.400312
248	0
249	0
250	0
251	0
252	0
253	0
254	0
255	0
256	0.702159
257	0.318487
258	0.423769
259	0.360087
260	0.319642
261	0.347743
262	0.735408
263	0.435739
264	0.395675
265	0.420242
266	0.900346
267	0.433538
268	0.544028
269	0.616351
270	0.879936
271	0
272	0.625243
273	0.598747
274	0.704009
275	0.900678
276	0.441672
277	0.744519
278	0.908896
279	1
280	0.715662
281	0.665451
282	0.853295
283	0.572254
284	0.706656
285	0.899924
286	0.785342
287	0.740984
288	0.630316
289	0.479476
290	0
291	0
292	0
293	0
294	0.576089
295	0.580043
296	0.588851
297	0.826516
298	0.514345
299	0.6492
300	0
301	0
302	0
303	0
304	0
305	0
306	0.594231
307	0.573188
308	0.68362
309	0.61271
310	0.487032
311	0.461366
312	0.524622
313	0.65083
314	0.948705
315	0.571746
316	0.812922
317	0.80675
318	0.604668
319	0.851485
320	1
321	0.722039
322	0.861106
323	0.721296
324	0.930109
325	0.706296
326	0.48393
327	0.704875
328	0.706101
329	0.706216
330	0.900884
331	0.455825
332	1
333	0.76171
334	0.847061
335	0.574509
336	0.575966
337	0
338	0.291102
339	0.73017
340	0.643872
341	0.670323
342	0.43386
343	0.84348
344	1
345	0.498292
346	0.629429
347	0.72197
348	0.642185
349	0.504916
350	0.877125
351	1
352	0.568924
353	0.623203
354	0.900118
355	0.468749
356	0.733498
357	0.734361
358	0.788856
359	0.746592
360	0.859129
361	0.74457
362	0.718883
363	0.916335
364	1
365	0.953552
366	0.604322
367	0.749863
368	0.655306
369	1
370	1
371	0.751808
372	0.903154
373	0.650549
374	0.478607
375	0.587603
376	0.623113
377	0.590571
378	0.497892
379	0.454897
380	0.535394
381	0.43597
382	0.403974
383	0.335128
384	0.352529
385	0.44537
386	0.442771
387	0.490896
388	0.461763
389	0
390	0
391	0
392	0
393	0
394	0
395	0
396	0
397	0.50198
398	0.406537
399	0.291406
400	0.359615
401	0.324243
402	0.388987
403	0.451807
404	0.436093
405	0.380348
406	0.411673
407	0.3466
408	0.334093
409	0.49589
410	0.368622
411	0.593908
412	0.471058
413	0
414	0
415	0
416	0
417	0
418	0
419	0
420	0
421	0
422	0
423	0
424	0
425	0
426	0
427	0
428	0
429	0
430	0
431	0
432	0
433	0
434	0
435	0
436	0
437	0
438	0
439	0
440	0
441	0
442	0
443	0
444	0
445	0
446	0
447	0
448	0
449	0
450	0
451	0
452	0
453	0
