1	0
2	0
3	0
4	0
5	0
6	0
7	0
8	0
9	0
10	0
11	0
12	0
13	0
14	0
15	0
16	0
17	0
18	0
19	0
20	0
21	0.449934
22	0.344653
23	0.393985
24	0.385205
25	0.285476
26	0.58387
27	0.428352
28	0.511479
29	0.402584
30	0.673308
31	0.685774
32	0.584661
33	0.541248
34	0.630243
35	0.483134
36	0.389571
37	0.56736
38	0.257403
39	0.519782
40	0.275176
41	0.518581
42	0.335556
43	0.677154
44	0.77023
45	0.511212
46	0.435712
47	0.614716
48	0.60742
49	0.288975
50	0.496857
51	0.797713
52	0.422867
53	0.910138
54	0.568716
55	0.561439
56	0.797224
57	0.798392
58	0.406633
59	0
60	0
61	0
62	0.798411
63	0.506078
64	0.632092
65	0.508396
66	0.831093
67	0.752917
68	0.879893
69	0.583475
70	0.686224
71	0.63412
72	0.668699
73	0.628923
74	0.775581
75	0.748116
76	0.572211
77	0.564613
78	1
79	0.659984
80	0.806929
81	0.879336
82	1
83	0.856916
84	0.49664
85	0.913515
86	0.795863
87	0.753288
88	0.842827
89	0.879307
90	0.692416
91	0.6812
92	0.629667
93	0
94	0
95	0
96	0.827382
97	0.792315
98	0.55379
99	0.790971
100	0
101	0
102	0
103	0
104	0.814787
105	0.665597
106	1
107	0.880851
108	0.805844
109	0.728286
110	0.81404
111	0.658897
112	0.740331
113	1
114	1
115	0.667846
116	0.880461
117	1
118	0.87916
119	0.84611
120	0.881167
121	0.880303
122	0.668994
123	0.880377
124	1
125	0.831093
126	0.831093
127	0.831093
128	0.756357
129	0.546196
130	0.672243
131	0.784484
132	0.8159
133	0.649901
134	0
135	0
136	0
137	0
138	0.880561
139	0.880173
140	0.575759
141	0.754696
142	0
143	0
144	0
145	0.879714
146	0.385586
147	0.349387
148	0.728312
149	0.879409
150	0.846484
151	0.569241
152	0.748011
153	0.830039
154	0.68866
155	0.902608
156	0.89038
157	0.747869
158	0.522232
159	0.829965
160	0.880387
161	0.668816
162	0.808717
163	0.841508
164	0.880894
165	0.632477
166	0.791593
167	1
168	0.880085
169	0.829092
170	0.879045
171	0.881034
172	0.564484
173	1
174	1
175	0.857819
176	0.328668
177	1
178	0.695083
179	0.705209
180	0.517402
181	0.411123
182	0.566074
183	0.50535
184	0
185	0
186	0
187	0
188	0
189	0
190	0
191	0
192	0
193	0
194	0
195	0
196	0.423645
197	0.398087
198	0.517029
199	0
200	0
201	0
202	0.424428
203	0.575987
204	0.659687
205	0.373164
206	0.728223
207	0.65943
208	0.474234
209	0.708854
210	0.878866
211	0.485419
212	0.610052
213	0.942778
214	1
215	0.430608
216	0.602351
217	0.792872
218	0.549988
219	0.661319
220	0.94231
221	0.829401
222	0
223	0.698488
224	0.879662
225	0.533595
226	0.825143
227	0.634907
228	0.825262
229	0.539444
230	0.696168
231	0.879893
232	0.662133
233	0.419292
234	0.526074
235	0.387196
236	0.510998
237	0
238	0
239	0
240	0
241	0
242	0
243	0.880085
244	0.446587
245	0.666965
246	0.652656
247	0.810218
248	0.789497
249	0.229811
250	0.334549
251	0.57229
252	0.428857
253	0.506127
254	0
255	0
256	0
257	0
258	0.37365
259	0.381737
260	0.672176
261	0.649603
262	0.459953
263	0.698366
264	0.542243
265	0.471158
266	0.773818
267	0.82141
268	0.62719
269	0.399508
270	0.473529
271	0.504692
272	0.716593
273	0.578683
274	0.471349
275	0.82141
276	0.82141
277	0.582064
278	0.562638
279	0.718122
280	0.420522
281	0.470613
282	0.699093
283	0.82141
284	0.395522
285	0.325289
286	0.520332
287	0.598579
288	0.635169
289	0.433103
290	0.595578
291	0.315129
292	0.557565
293	0.439951
294	0.525293
295	0.480138
296	0
297	0
298	0.395186
299	0.623954
300	0
301	0
302	0.532589
303	0.537036
304	0.525278
305	0.498484
306	0.491143
307	0.52273
308	0.665994
309	0.642208
310	0.480844
311	0.512883
312	0.779738
313	0.65148
314	0.304598
315	0.652561
316	0.748137
317	0.534155
318	0.498216
319	0.624254
320	0.651748
321	0.652657
322	0.651502
323	0.634921
324	0.650739
325	0.528739
326	0.562607
327	0.608016
328	0.550628
329	0.444303
330	0.508511
331	0.562961
332	0.471568
333	0.676587
334	0.599108
335	0.665371
336	0.771784
337	0
338	0.339281
339	0.6156
340	0
341	0.638124
342	0.727563
343	0.396616
344	0.70522
345	0.394428
346	0.410648
347	0.706421
348	0.668484
349	0.547151
350	0.488407
351	0.809498
352	0.454799
353	0.642282
354	0.407551
355	0.663267
356	0.629655
357	0.706129
358	0.5528
359	0.706421
360	0.551042
361	0.809498
362	0.706651
363	0.504748
364	0.706152
365	0.629322
366	0.70594
367	0.642187
368	0.809498
369	0.809498
370	0.53575
371	0.6885
372	0.809498
373	0.43843
374	0.892856
375	0.660259
376	0.781563
377	0.537132
378	0.693406
379	0.824836
380	0.811598
381	0.368788
382	0.526701
383	0.669219
384	0.416264
385	0.677758
386	0.479979
387	0.584091
388	0.717066
389	0.477501
390	0.555419
391	0.61417
392	0.389511
393	0.501694
394	0.569769
395	0.64945
396	0.506944
397	0.492714
398	0.418393
399	0.32848
400	0.380697
401	0.593765
402	0.536733
403	0.475051
404	0.444584
405	0.512556
406	0.450423
407	0.557959
408	0.570766
409	0.272439
410	0.306456
411	0.556005
412	0.568832
413	0.384165
414	0.629241
415	0.528219
416	0.513853
417	0.610488
418	0.48386
419	0.609663
420	0
421	0
422	0
423	0
424	0
425	0
426	0
427	0
428	0
429	0
430	0
431	0
432	0
433	0
434	0
435	0
436	0
437	0
438	0
439	0
440	0
441	0
442	0
443	0
444	0
445	0
446	0
447	0
448	0
449	0
450	0
451	0
452	0
453	0
