1	0
2	0
3	0
4	0.00015783
5	0.00015783
6	0.00015783
7	0.00015783
8	0.00015783
9	0.00115508
10	0.00115485
11	0.00115515
12	0.00115541
13	0.00371969
14	0.0139679
15	0.01387
16	0.0204222
17	0.020438
18	0.021557
19	0.0224555
20	0.0301272
21	0.0409993
22	0.0511171
23	0.0619902
24	0.0811371
25	0.0765056
26	0.0706706
27	0.073849
28	0.126564
29	0.124054
30	0.16186
31	0.0959516
32	0.356078
33	0.2477
34	0.227694
35	0.2833
36	0.250243
37	0.256125
38	0.272276
39	0.32759
40	0.344261
41	0.30374
42	0.330818
43	0.235514
44	0.351514
45	0.364416
46	0.237076
47	0.235901
48	0.245294
49	0.277288
50	0.573415
51	0.915673
52	0.245725
53	0.35994
54	0.197197
55	0.291451
56	0.254689
57	0.222833
58	0.176077
59	0.000156809
60	0.000156809
61	0.000156809
62	0.689071
63	0.370167
64	0.443915
65	0.288648
66	0.697171
67	0.645993
68	0.646329
69	0.404985
70	0.44333
71	0.90634
72	0.576323
73	0.664016
74	0.679715
75	0.78355
76	0.448068
77	0.449877
78	0.821834
79	0.659905
80	0.619327
81	1
82	1
83	0.447491
84	0.816632
85	1
86	0.501245
87	0.471038
88	0.581942
89	0.477139
90	0.316043
91	0.301302
92	0.3568
93	0
94	0
95	0
96	0.572162
97	0.488193
98	0.511134
99	0.503438
100	0
101	0
102	0
103	0.000155842
104	0.68218
105	0.4546
106	1
107	0.684686
108	0.458099
109	0.70285
110	0.847442
111	0.831895
112	0.748942
113	0.922385
114	0.768554
115	0.625613
116	0.764981
117	1
118	0.796998
119	0.809663
120	0.825531
121	0.632895
122	0.442341
123	0.729833
124	0.866983
125	1
126	0.69709
127	0.789136
128	0.6005
129	0.384694
130	0.389392
131	0.439133
132	0.410266
133	0.243896
134	0.00793192
135	0.000157306
136	0.000157306
137	0.000157306
138	0.305985
139	0.772845
140	0.444809
141	0.630066
142	0.000157306
143	0.000157306
144	0.000157306
145	0.643277
146	0.262714
147	0.340359
148	0.594081
149	1
150	0.847992
151	0.383129
152	0.464696
153	0.328859
154	0.453493
155	0.552634
156	0.654259
157	0.229142
158	0.52468
159	0.637445
160	0.755208
161	0.660335
162	0.554454
163	0.618473
164	0.483164
165	0.765145
166	0.663052
167	0.713592
168	0.497102
169	0.584986
170	0.695267
171	0.708866
172	0.508913
173	0.919704
174	1
175	0.916923
176	0.706921
177	0.764915
178	0.816372
179	0.860977
180	0.533078
181	0.000155842
182	0.000155842
183	0.000155842
184	0.000155842
185	0.000155842
186	0.699903
187	0.421966
188	0.233471
189	0.452843
190	0.367074
191	0.439803
192	0.209549
193	0.281081
194	0.00367933
195	0.000155842
196	0.000155842
197	0.000155842
198	0.00776495
199	0.000157859
200	0.000157859
201	0.000157859
202	0.558338
203	0.468908
204	0.328121
205	0.212063
206	0.423021
207	0.564475
208	0.420122
209	0.531052
210	0.635239
211	0.496466
212	0.369393
213	0.588247
214	1
215	0.423545
216	0.50608
217	0.633264
218	0.410802
219	0.516131
220	0.484748
221	0.607315
222	0.00115869
223	0.548559
224	0.844086
225	0.28596
226	0.564992
227	0.499029
228	0.687526
229	0.227457
230	0.372958
231	0.269005
232	0.214841
233	0.247592
234	0.278468
235	0.296229
236	0.162927
237	0.155661
238	0.116819
239	0.116735
240	0.0136301
241	0.00351796
242	0.000156809
243	1
244	0.235942
245	0.21087
246	0.223918
247	0.408168
248	0.348065
249	0.170555
250	0.0894439
251	0.0211336
252	0.0137505
253	0.00349742
254	0.000158302
255	0.0152099
256	0.0447619
257	0.0831482
258	0.0969871
259	0.559606
260	0.348075
261	0.228516
262	0.444697
263	0.253315
264	0.313356
265	0.333646
266	0.35085
267	0.22116
268	0.350282
269	0.346015
270	0.54529
271	0.723129
272	0.777671
273	0.481852
274	0.707887
275	0.919537
276	0.724072
277	0.505902
278	0.573866
279	0.807508
280	0.362675
281	0.370422
282	1
283	1
284	0.284694
285	0.257519
286	0.719665
287	0.588787
288	0.466113
289	0.643319
290	1
291	0.421875
292	0.389131
293	0.600271
294	0.438579
295	0.472159
296	0
297	0
298	0.148801
299	0.427006
300	0.0037224
301	0.00372591
302	0.759762
303	0.371324
304	0.761204
305	0.840198
306	0.529591
307	0.764924
308	0.583362
309	0.640806
310	0.559416
311	0.480948
312	0.686527
313	0.590913
314	0.419849
315	0.587177
316	0.779963
317	0.536782
318	0.627335
319	0.53002
320	0.781194
321	0.352455
322	1
323	0.800514
324	0.709925
325	0.415072
326	0.510734
327	0.602074
328	0.708823
329	0.571124
330	0.384225
331	0.622456
332	0.44519
333	0.239909
334	0.278403
335	0.298467
336	0.162256
337	0.0745123
338	0.232156
339	0.0945718
340	0.00015748
341	0.0218511
342	0.295324
343	0.32718
344	0.773697
345	0.270611
346	0.205669
347	0.418076
348	0.367058
349	0.285793
350	0.55573
351	0.414537
352	0.365453
353	0.665317
354	0.35029
355	0.363095
356	0.661835
357	0.865862
358	0.639829
359	0.322575
360	0.723563
361	0.718296
362	0.474725
363	0.348338
364	0.826158
365	0.770506
366	0.906741
367	0.615958
368	1
369	1
370	0.528016
371	0.761882
372	1
373	0.7261
374	1
375	0.563973
376	0.91608
377	0.503699
378	0.757593
379	0.783765
380	0.686028
381	0.242798
382	0.285553
383	0.469274
384	0.178052
385	0.27304
386	0.378892
387	0.492248
388	0.191152
389	0.0227035
390	0.0226443
391	0.0242742
392	0.0266437
393	0.0225665
394	0.0228694
395	0.0211986
396	0.0211327
397	0.332768
398	0.177879
399	0.287717
400	0.228494
401	0.184314
402	0.151187
403	0.355456
404	0.259271
405	0.277006
406	0.171155
407	0.246815
408	0.241839
409	0.237088
410	0.221352
411	0.259071
412	0.304278
413	0.226221
414	0.333903
415	0.214219
416	0.362083
417	0.324918
418	0.26319
419	0.451835
420	0.347094
421	0.255944
422	0.197244
423	0.219489
424	0.275567
425	0.164777
426	0.241213
427	0.101526
428	0.0842839
429	0.0876564
430	0.0893978
431	0.0331332
432	0.0319323
433	0.0360253
434	0.0331261
435	0.0151408
436	0.00360455
437	0.00119742
438	0.00115577
439	0.00119742
440	0.001155
441	0.00115471
442	0.00115584
443	0.00115592
444	0.000158687
445	0.000158687
446	0.000158687
447	0.000158687
448	0.000158687
449	0.000158687
450	0.000158687
451	0
452	0
453	0
