1	0
2	0
3	0
4	0.000665204
5	0.000706862
6	0.000708047
7	0.000758677
8	0.000896662
9	0.00319483
10	0.00302604
11	0.00286268
12	0.00291241
13	0.00532707
14	0.0138504
15	0.0136937
16	0.0201308
17	0.0208559
18	0.0204362
19	0.0226326
20	0.0297281
21	0.0434591
22	0.0519003
23	0.0682944
24	0.0661154
25	0.0606882
26	0.0792904
27	0.0728409
28	0.114285
29	0.100249
30	0.117622
31	0.0903047
32	0.125493
33	0.137983
34	0.149245
35	0.12934
36	0.129811
37	0.11302
38	0.120223
39	0.133863
40	0.199228
41	0.203687
42	0.14979
43	0.180158
44	0.157471
45	0.174895
46	0.104747
47	0.137852
48	0.194771
49	0.151151
50	0.349605
51	0.662262
52	0.121718
53	0.298621
54	0.111444
55	0.150631
56	0.285051
57	0.257247
58	0.162437
59	7.91743e-09
60	7.91743e-09
61	7.91743e-09
62	0.383613
63	0.184684
64	0.257641
65	0.132342
66	0.454465
67	0.460326
68	0.554926
69	0.314849
70	0.401501
71	0.551067
72	0.373565
73	0.516802
74	0.51279
75	0.52339
76	0.408961
77	0.411782
78	0.746017
79	0.490566
80	0.440847
81	0.808309
82	0.889481
83	0.304664
84	0.543196
85	0.760287
86	0.423212
87	0.399518
88	0.540233
89	0.405003
90	0.243084
91	0.198961
92	0.275148
93	0
94	0
95	0
96	0.526224
97	0.446135
98	0.331305
99	0.42261
100	0
101	0
102	0
103	0.000635865
104	0.496121
105	0.400614
106	0.727491
107	0.60786
108	0.384161
109	0.604437
110	0.763105
111	0.664426
112	0.62011
113	0.785185
114	0.735616
115	0.456513
116	0.605571
117	0.827788
118	0.611472
119	0.717382
120	0.625928
121	0.482691
122	0.468594
123	0.606437
124	0.662669
125	0.795365
126	0.627896
127	0.433898
128	0.558881
129	0.288327
130	0.271646
131	0.257269
132	0.306248
133	0.15864
134	0.00863915
135	0
136	0
137	0
138	0.277457
139	0.869342
140	0.263572
141	0.67267
142	0
143	0
144	0
145	0.620852
146	0.235601
147	0.237098
148	0.380454
149	0.897605
150	0.632389
151	0.361341
152	0.286398
153	0.25428
154	0.375429
155	0.393685
156	0.554851
157	0.172006
158	0.436375
159	0.507906
160	0.531481
161	0.474378
162	0.526199
163	0.562433
164	0.416326
165	0.624268
166	0.570403
167	0.684344
168	0.369016
169	0.522452
170	0.608264
171	0.713303
172	0.422756
173	0.816355
174	0.929563
175	0.820531
176	0.448436
177	0.624421
178	0.817358
179	0.634542
180	0.483696
181	0.000598093
182	0.000574151
183	0.000572037
184	0.00058356
185	0.000575457
186	0.477981
187	0.299878
188	0.21197
189	0.313912
190	0.201511
191	0.262281
192	0.130038
193	0.238212
194	0.00606845
195	0.000578829
196	0.000587856
197	0.000590458
198	0.0150681
199	0.00103894
200	0.00100437
201	0.00102155
202	0.363625
203	0.29241
204	0.179939
205	0.206489
206	0.381909
207	0.308217
208	0.35303
209	0.389331
210	0.472834
211	0.34526
212	0.333018
213	0.500867
214	0.895207
215	0.35427
216	0.395912
217	0.623331
218	0.399257
219	0.42666
220	0.44627
221	0.56029
222	0.000607394
223	0.401433
224	0.766413
225	0.278341
226	0.389494
227	0.382266
228	0.511027
229	0.220355
230	0.260137
231	0.198047
232	0.163374
233	0.123547
234	0.187629
235	0.160418
236	0.226469
237	0.092076
238	0.103622
239	0.162558
240	0.00765828
241	0.00354862
242	0
243	0.938797
244	0.175717
245	0.213886
246	0.153164
247	0.397846
248	0.232905
249	0.103072
250	0.0869737
251	0.017685
252	0.0188407
253	0.0127445
254	0.000641599
255	0.0336817
256	0.0504338
257	0.0587102
258	0.102059
259	0.361351
260	0.43332
261	0.174537
262	0.281929
263	0.211716
264	0.197775
265	0.311079
266	0.244516
267	0.232019
268	0.281979
269	0.386478
270	0.443327
271	0.644932
272	0.671751
273	0.378698
274	0.619907
275	0.84203
276	0.625169
277	0.384767
278	0.564313
279	0.740281
280	0.358406
281	0.378384
282	0.770352
283	0.896144
284	0.302771
285	0.15761
286	0.737297
287	0.456426
288	0.302683
289	0.471211
290	0.786949
291	0.368957
292	0.320302
293	0.38985
294	0.411698
295	0.407168
296	0
297	0
298	0.154195
299	0.326214
300	0.00136664
301	0.00179079
302	0.644136
303	0.279862
304	0.667981
305	0.69357
306	0.451745
307	0.579365
308	0.573777
309	0.51682
310	0.423142
311	0.430336
312	0.627323
313	0.598132
314	0.407691
315	0.514071
316	0.747946
317	0.461758
318	0.461848
319	0.496356
320	0.618174
321	0.412721
322	0.911666
323	0.63667
324	0.557038
325	0.369959
326	0.422365
327	0.456894
328	0.533034
329	0.395478
330	0.239212
331	0.417731
332	0.319011
333	0.152288
334	0.136398
335	0.209757
336	0.108664
337	0.128703
338	0.13778
339	0.0373959
340	0
341	0.0025557
342	0.155872
343	0.275936
344	0.712579
345	0.184054
346	0.124093
347	0.311576
348	0.232536
349	0.178984
350	0.399187
351	0.330169
352	0.268099
353	0.472359
354	0.216059
355	0.258999
356	0.55352
357	0.728706
358	0.343871
359	0.327544
360	0.646669
361	0.556757
362	0.44623
363	0.346959
364	0.605831
365	0.712431
366	0.658513
367	0.582226
368	0.82052
369	0.864725
370	0.50047
371	0.641903
372	0.88291
373	0.620273
374	0.791194
375	0.453787
376	0.74937
377	0.364429
378	0.59609
379	0.696102
380	0.52111
381	0.2461
382	0.248611
383	0.402235
384	0.166926
385	0.207074
386	0.344484
387	0.328189
388	0.202063
389	0.0384193
390	0.0391222
391	0.0446808
392	0.0516466
393	0.0350347
394	0.0387609
395	0.03504
396	0.0330585
397	0.187204
398	0.1014
399	0.130017
400	0.165455
401	0.0886244
402	0.109523
403	0.133429
404	0.157629
405	0.158624
406	0.0912944
407	0.101772
408	0.175826
409	0.146067
410	0.131301
411	0.180344
412	0.148005
413	0.153298
414	0.127325
415	0.103127
416	0.197234
417	0.236429
418	0.226592
419	0.217241
420	0.220366
421	0.160236
422	0.137114
423	0.177901
424	0.126606
425	0.0931399
426	0.103539
427	0.0719859
428	0.0670192
429	0.0766862
430	0.0724669
431	0.0306932
432	0.0295215
433	0.0293847
434	0.0374395
435	0.0145576
436	0.00244464
437	0.000154991
438	0.000155049
439	0.000153083
440	0.000153593
441	0.000152906
442	0.000154235
443	0.000154782
444	0.000140338
445	0.00014141
446	0.000139255
447	0.000156856
448	0.000141261
449	0.000143756
450	0.000114083
451	0
452	0
453	0
