1	7.36988e-05
2	7.36988e-05
3	7.36988e-05
4	0.000550642
5	0.000550377
6	0.000550539
7	0.000551111
8	0.000551139
9	0.0017351
10	0.00173531
11	0.00173566
12	0.00173535
13	0.00396055
14	0.011366
15	0.0113091
16	0.0222106
17	0.0234088
18	0.029254
19	0.0304314
20	0.0400496
21	0.0609496
22	0.0668458
23	0.077824
24	0.106562
25	0.0781325
26	0.093492
27	0.0679498
28	0.148436
29	0.14763
30	0.179779
31	0.133341
32	0.302798
33	0.310909
34	0.254722
35	0.366091
36	0.21971
37	0.235153
38	0.248303
39	0.285267
40	0.358882
41	0.306303
42	0.35062
43	0.21742
44	0.31041
45	0.342806
46	0.250858
47	0.250292
48	0.25785
49	0.269036
50	0.482781
51	0.936456
52	0.230025
53	0.385814
54	0.16929
55	0.321462
56	0.243472
57	0.23913
58	0.165143
59	7.69213e-05
60	7.69213e-05
61	7.69213e-05
62	0.62073
63	0.365829
64	0.401453
65	0.304887
66	0.590819
67	0.617307
68	0.603466
69	0.406739
70	0.472205
71	0.713557
72	0.506388
73	0.597543
74	0.625465
75	0.741605
76	0.538186
77	0.496315
78	0.862116
79	0.576458
80	0.56688
81	0.797299
82	0.894612
83	0.500376
84	0.670765
85	0.928503
86	0.561133
87	0.441469
88	0.555275
89	0.515115
90	0.346808
91	0.336892
92	0.375835
93	7.36988e-05
94	7.36988e-05
95	7.36988e-05
96	0.448313
97	0.321108
98	0.345139
99	0.398632
100	7.36988e-05
101	7.36988e-05
102	7.36988e-05
103	7.69918e-05
104	0.513013
105	0.396349
106	0.765266
107	0.539883
108	0.41486
109	0.672239
110	0.813308
111	0.773512
112	0.743559
113	0.94175
114	0.828449
115	0.639317
116	0.692246
117	0.788932
118	0.747275
119	0.728533
120	0.775983
121	0.58803
122	0.473388
123	0.700589
124	0.758933
125	1
126	0.677557
127	0.744729
128	0.614705
129	0.367017
130	0.388506
131	0.363625
132	0.325047
133	0.181852
134	0.0173435
135	0.00373603
136	0.00171851
137	7.73612e-05
138	0.240924
139	0.552823
140	0.331121
141	0.419297
142	0.000574856
143	0.00171872
144	0.00178219
145	0.479615
146	0.187232
147	0.23655
148	0.501437
149	0.817866
150	0.790463
151	0.404732
152	0.429407
153	0.328983
154	0.392445
155	0.53522
156	0.615402
157	0.289716
158	0.475269
159	0.654022
160	0.673077
161	0.635147
162	0.579588
163	0.562903
164	0.468011
165	0.721626
166	0.699256
167	0.69329
168	0.395196
169	0.65898
170	0.602033
171	0.689321
172	0.476157
173	0.776787
174	0.828443
175	0.835441
176	0.653504
177	0.584837
178	0.678859
179	0.681814
180	0.466185
181	0.0037375
182	0.0017944
183	0.00179448
184	0.00057036
185	7.69918e-05
186	0.397404
187	0.238289
188	0.168824
189	0.251303
190	0.241475
191	0.274817
192	0.175426
193	0.213069
194	0.00410663
195	0.000586573
196	0.00179544
197	0.00184397
198	0.0122805
199	7.73413e-05
200	7.73413e-05
201	7.73413e-05
202	0.533383
203	0.401713
204	0.272568
205	0.17765
206	0.366521
207	0.388823
208	0.419338
209	0.51815
210	0.575747
211	0.464754
212	0.371642
213	0.586013
214	1
215	0.427896
216	0.515354
217	0.688404
218	0.422956
219	0.530402
220	0.530095
221	0.61502
222	0.000582178
223	0.616544
224	0.884797
225	0.330138
226	0.468452
227	0.484834
228	0.582764
229	0.254151
230	0.375557
231	0.306958
232	0.243169
233	0.202754
234	0.324123
235	0.236918
236	0.162052
237	0.128729
238	0.130841
239	0.0980234
240	0.0174995
241	0.00396409
242	7.69213e-05
243	1
244	0.203544
245	0.262706
246	0.296477
247	0.454492
248	0.307214
249	0.147361
250	0.0931955
251	0.035148
252	0.0232661
253	0.0116691
254	0.000573473
255	0.0128405
256	0.0493367
257	0.0997199
258	0.129927
259	0.549978
260	0.432763
261	0.242201
262	0.454162
263	0.295333
264	0.326711
265	0.339972
266	0.316521
267	0.241983
268	0.414293
269	0.354993
270	0.465126
271	0.57948
272	0.780279
273	0.493629
274	0.680349
275	0.839518
276	0.639242
277	0.52206
278	0.519347
279	0.681685
280	0.37058
281	0.373895
282	0.755801
283	0.895231
284	0.325502
285	0.225058
286	0.568147
287	0.463919
288	0.420677
289	0.562961
290	0.725672
291	0.283428
292	0.290401
293	0.340424
294	0.442986
295	0.337512
296	7.36988e-05
297	7.36988e-05
298	0.116902
299	0.40937
300	0.00189136
301	0.00189314
302	0.514403
303	0.273614
304	0.531428
305	0.545942
306	0.413575
307	0.690523
308	0.512219
309	0.520182
310	0.481099
311	0.427336
312	0.621657
313	0.599791
314	0.424145
315	0.631366
316	0.735995
317	0.574102
318	0.583374
319	0.494319
320	0.806637
321	0.33625
322	1
323	0.777967
324	0.65535
325	0.472112
326	0.543118
327	0.561753
328	0.645674
329	0.604804
330	0.398909
331	0.545169
332	0.501294
333	0.213581
334	0.293985
335	0.282988
336	0.201944
337	0.0464763
338	0.235808
339	0.141879
340	0.000549388
341	0.0288595
342	0.26911
343	0.38145
344	0.822003
345	0.231987
346	0.254789
347	0.437988
348	0.341243
349	0.292892
350	0.600998
351	0.490888
352	0.358628
353	0.592184
354	0.42661
355	0.352029
356	0.616621
357	0.798611
358	0.629163
359	0.286374
360	0.736104
361	0.730676
362	0.438138
363	0.404366
364	0.867263
365	0.797736
366	0.832376
367	0.522774
368	0.828166
369	1
370	0.552515
371	0.796204
372	0.894617
373	0.699942
374	0.895358
375	0.429572
376	0.666816
377	0.36662
378	0.543425
379	0.681396
380	0.586488
381	0.268808
382	0.295138
383	0.526787
384	0.188678
385	0.272945
386	0.309349
387	0.518095
388	0.168282
389	0.0247579
390	0.0247189
391	0.0201448
392	0.0203098
393	0.0182504
394	0.0189284
395	0.0181062
396	0.0175247
397	0.30942
398	0.166449
399	0.271066
400	0.205656
401	0.221725
402	0.186605
403	0.38538
404	0.209146
405	0.231206
406	0.215504
407	0.254218
408	0.205537
409	0.300134
410	0.241545
411	0.236746
412	0.340505
413	0.185259
414	0.253046
415	0.216649
416	0.29693
417	0.231504
418	0.222484
419	0.310581
420	0.237002
421	0.189702
422	0.160419
423	0.189135
424	0.176962
425	0.135802
426	0.150491
427	0.0816567
428	0.0668396
429	0.0701533
430	0.0662944
431	0.0257901
432	0.0252279
433	0.0271607
434	0.0257858
435	0.0126939
436	0.0040591
437	0.00185904
438	0.00181696
439	0.00185907
440	0.00181506
441	0.00181543
442	0.00181576
443	0.00181556
444	0.000575448
445	0.000576402
446	0.000576354
447	0.000576042
448	0.000575727
449	0.000590753
450	0.000576006
451	7.65566e-05
452	7.65566e-05
453	7.65566e-05
