1	0
2	0
3	0
4	0
5	0
6	0
7	0
8	0
9	0
10	0
11	0
12	0
13	0
14	0
15	0
16	0
17	0
18	0
19	0
20	0
21	0.326989
22	0.264541
23	0.409983
24	0.268551
25	0.299215
26	0.340148
27	0.290949
28	0.400944
29	0.407272
30	0.44958
31	0.587499
32	0.301037
33	0.31566
34	0.786455
35	0.442795
36	0.442129
37	0.386793
38	0.322191
39	0.557244
40	0.33995
41	0.321038
42	0.53945
43	0.491582
44	0.372037
45	0.328963
46	0.355171
47	0.513754
48	0.626486
49	0.66228
50	0.512894
51	0.898209
52	0.450031
53	0.570385
54	0.400534
55	0.532999
56	0.460891
57	0.56754
58	0.377347
59	0
60	0
61	0
62	0.549191
63	0.574652
64	0.664098
65	0.57121
66	0.794855
67	0.875552
68	0.644377
69	0.533825
70	0.589809
71	0.613574
72	0.54126
73	0.501303
74	0.679529
75	0.660969
76	0.581716
77	0.732164
78	1
79	0.639991
80	0.61625
81	1
82	1
83	0.716393
84	0.844632
85	0.842656
86	0.725179
87	0.634022
88	0.843823
89	0.587253
90	0.478632
91	0.545259
92	0.654688
93	0
94	0
95	0
96	0.808749
97	0.695001
98	0.315224
99	0.545533
100	0
101	0
102	0
103	0.748036
104	0.74221
105	0.455238
106	0.741329
107	0.552751
108	0.548262
109	0.476316
110	0.871497
111	0.661808
112	0.549802
113	0.871497
114	0.871497
115	0.744685
116	0.737634
117	0.871497
118	0.791626
119	0.817744
120	0.821256
121	0.668692
122	0.811571
123	0.821067
124	0.818275
125	0.871497
126	0.637449
127	0.456399
128	0.630383
129	0.52611
130	0.469092
131	0.475103
132	0.450884
133	0.428705
134	0
135	0
136	0
137	0
138	0.676376
139	0.819946
140	0.429146
141	0.605838
142	0
143	0
144	0
145	0.60143
146	0.390697
147	0.370251
148	0.483828
149	0.770781
150	0.580539
151	0.369472
152	0.401291
153	0.494952
154	0.541649
155	0.445664
156	0.759554
157	0.618293
158	0.519372
159	0.669433
160	0.570514
161	0.668829
162	0.592526
163	0.871497
164	0.6819
165	0.847384
166	0.692861
167	0.871497
168	0.694229
169	0.808388
170	0.809603
171	0.809432
172	0.52575
173	0.871497
174	0.871497
175	0.812989
176	0.57876
177	0.638345
178	0.67228
179	0.560515
180	0.549299
181	0.688075
182	0.394586
183	0.360796
184	0.507834
185	0.412798
186	0
187	0
188	0
189	0
190	0
191	0
192	0
193	0
194	0
195	0.450278
196	0.553389
197	0.591162
198	0.43177
199	0
200	0
201	0
202	0.315922
203	0.371058
204	0.362265
205	0.380637
206	0.514194
207	0.428769
208	0.567829
209	0.418208
210	0.520991
211	0.494017
212	0.374793
213	0.70855
214	0.807412
215	0.745142
216	0.656294
217	0.789027
218	0.568072
219	0.716086
220	0.934409
221	0.747946
222	0
223	0.886564
224	1
225	0.569953
226	0.647779
227	0.706915
228	0.790342
229	0.709417
230	0.424302
231	0.546386
232	0.569125
233	0.362078
234	0.595936
235	0.627317
236	0.592628
237	0.428202
238	0.482218
239	0.501076
240	0
241	0
242	0
243	1
244	0.656389
245	0.513792
246	0.347068
247	0.372239
248	0.345709
249	0.377373
250	0.330559
251	0.393013
252	0.451604
253	0.371063
254	0
255	0
256	0
257	0
258	0.453305
259	0.651371
260	0.64006
261	0.434018
262	0.605818
263	0.527455
264	0.450394
265	0.480359
266	0.651966
267	0.550258
268	0.559568
269	0.451528
270	0.584367
271	0.449823
272	0.878347
273	0.533339
274	0.634592
275	0.645262
276	0.645576
277	0.364116
278	0.688567
279	0.878347
280	0.583043
281	0.432096
282	0.786666
283	0.878347
284	0.536078
285	0.493415
286	0.595948
287	0.622267
288	0.675811
289	0.659542
290	0.855661
291	0.590381
292	0.510655
293	0.54128
294	0.664022
295	0.646423
296	0
297	0
298	0.470944
299	0.589963
300	0
301	0
302	0.611432
303	0.566699
304	0.785459
305	0.698639
306	0.840006
307	0.582605
308	0.686151
309	0.535964
310	0.617334
311	0.701918
312	0.816378
313	0.816378
314	0.533131
315	0.590445
316	0.878347
317	0.686151
318	0.559362
319	0.680951
320	0.878347
321	0.878347
322	0.878347
323	0.795637
324	0.643174
325	0.59958
326	0.552986
327	0.667064
328	0.547044
329	0.526719
330	0.524855
331	0.490746
332	0.550808
333	0.446405
334	0.426974
335	0.476377
336	0.310251
337	0.338813
338	0.267071
339	0.341844
340	0
341	0
342	0.297189
343	0.382113
344	0.418719
345	0.265491
346	0.263962
347	0.307249
348	0.304326
349	0.357835
350	0.350606
351	0.51316
352	0.50642
353	0.560534
354	0.64242
355	0.651492
356	0.712419
357	0.886651
358	0.525549
359	0.576933
360	0.886651
361	0.788948
362	0.537006
363	0.536251
364	0.886651
365	0.886651
366	0.650276
367	0.886651
368	0.886651
369	0.886651
370	0.594481
371	0.886651
372	0.823447
373	0.823759
374	0.706237
375	0.585113
376	0.886651
377	0.544406
378	0.786764
379	0.886651
380	0.886651
381	0.499841
382	0.818219
383	0.694596
384	0.48336
385	0.575463
386	0.886651
387	0.511977
388	0.442156
389	0.548633
390	0.38634
391	0.583851
392	0.744158
393	0.237045
394	0.274771
395	0.286478
396	0.300062
397	0.269752
398	0.299969
399	0.305911
400	0.377824
401	0.372333
402	0.406823
403	0.341093
404	0.3186
405	0.271364
406	0.32159
407	0.300616
408	0.387858
409	0.481082
410	0.449911
411	0.370038
412	0.514227
413	0.353207
414	0.458087
415	0.335671
416	0.330753
417	0.323852
418	0.298681
419	0.332473
420	0.332385
421	0.42209
422	0.198512
423	0.206522
424	0.121019
425	0
426	0
427	0
428	0
429	0
430	0
431	0
432	0
433	0
434	0
435	0
436	0
437	0
438	0
439	0
440	0
441	0
442	0
443	0
444	0
445	0
446	0
447	0
448	0
449	0
450	0
451	0
452	0
453	0
