1	0
2	0
3	0
4	0
5	0
6	0
7	0
8	0
9	0
10	0
11	0
12	0
13	0
14	0
15	0
16	0
17	0
18	0
19	0
20	0
21	0
22	0
23	0.352274
24	0.329479
25	0.331253
26	0.439718
27	0.437152
28	0.311165
29	0.398064
30	0.483771
31	0.387578
32	0.45017
33	0.255185
34	0.484205
35	0.385527
36	0.349999
37	0.23555
38	0.564323
39	0.396996
40	0.425536
41	0.587541
42	0.569729
43	0.335834
44	0.374089
45	0.458055
46	0.321289
47	0.315812
48	0.637014
49	0.416513
50	0.738783
51	0.802699
52	0.506219
53	0.718953
54	0.484841
55	0.553726
56	0.499542
57	0.649131
58	0.472778
59	0
60	0
61	0
62	0.802699
63	0.59962
64	0.342465
65	0.445379
66	0.802699
67	0.755811
68	0.878241
69	0.551486
70	0.61876
71	0.803137
72	0.637191
73	0.766725
74	0.803137
75	0.803137
76	0.549573
77	0.524718
78	0.803137
79	0.718564
80	0.42169
81	0.803137
82	0.803137
83	0.458414
84	0.518759
85	0.803137
86	0.623409
87	0.54085
88	0.803137
89	0.803137
90	0.515168
91	0.794791
92	0.713564
93	0
94	0
95	0
96	0.788765
97	0.788027
98	0.787522
99	0.618558
100	0
101	0
102	0
103	0
104	0.787738
105	0.788858
106	0.878241
107	0.878241
108	0.681421
109	0.724236
110	0.878241
111	0.749606
112	0.878241
113	0.878241
114	1
115	0.840481
116	1
117	1
118	1
119	0.901004
120	1
121	1
122	0.774915
123	0.845059
124	1
125	1
126	1
127	0.902044
128	0.635962
129	0.864639
130	0.839414
131	0.668031
132	0.697509
133	0.802598
134	0
135	0
136	0
137	0
138	0.842316
139	1
140	0.75081
141	0.961315
142	0
143	0
144	0
145	1
146	0.592184
147	0.663365
148	0.691932
149	1
150	0.902955
151	0.548553
152	0.68894
153	0.935491
154	0.784823
155	0.63874
156	0.901996
157	0.844352
158	0.844236
159	1
160	1
161	0.928396
162	0.945623
163	0.927542
164	0.901626
165	0.85051
166	1
167	0.826948
168	0.793598
169	1
170	1
171	1
172	0.846093
173	1
174	1
175	1
176	0.89321
177	1
178	0.938261
179	1
180	0.861993
181	0
182	0
183	0
184	0
185	0
186	0.891736
187	0.907116
188	0.825729
189	0.798517
190	0.864429
191	0.759842
192	0.966413
193	1
194	0
195	0
196	0
197	0
198	0
199	0
200	0
201	0
202	1
203	0.585806
204	0.652692
205	0.82904
206	0.897972
207	0.609926
208	0.940584
209	0.733599
210	1
211	0.670391
212	0.644494
213	0.672735
214	1
215	0.552643
216	0.876168
217	0.891163
218	0.597014
219	0.589903
220	0.80777
221	0.902338
222	0
223	0.742547
224	1
225	0.685892
226	0.759906
227	0.63737
228	1
229	0.705371
230	0.667683
231	0.602885
232	0.580891
233	0.530093
234	0.872529
235	0.474759
236	0.95847
237	0.555194
238	0.86234
239	0.600154
240	0
241	0
242	0
243	1
244	0.756507
245	0.498502
246	0.472433
247	0.86106
248	0.669744
249	0.281056
250	0
251	0
252	0
253	0
254	0
255	0.86535
256	0.699228
257	0.714823
258	0.594136
259	1
260	0.798108
261	0.714397
262	0.732108
263	0.622157
264	0.616805
265	0.837116
266	0.856666
267	0.673866
268	1
269	0.658544
270	0.87797
271	1
272	1
273	0.589898
274	0.732699
275	0.90126
276	0.779693
277	0.644412
278	0.6455
279	1
280	0.650133
281	1
282	1
283	1
284	0.72721
285	0.546376
286	0.906601
287	0.699738
288	0.563291
289	0.788818
290	0.906601
291	0.431377
292	0.576348
293	0.780362
294	0.718679
295	0.765018
296	0
297	0
298	0.588095
299	0.887545
300	0
301	0
302	0.814284
303	0.577706
304	0.723283
305	0.887545
306	0.820414
307	0.729632
308	0.734436
309	0.816982
310	0.821363
311	0.640627
312	0.887545
313	0.688952
314	0.57019
315	0.680686
316	0.887545
317	0.628751
318	0.477121
319	0.796223
320	0.887545
321	0.643259
322	0.887545
323	0.887545
324	0.887545
325	0.746602
326	0.833459
327	0.722758
328	0.921463
329	1
330	0.634117
331	0.585913
332	1
333	0.664037
334	0.561321
335	0.755857
336	0.776896
337	0.741974
338	0.718239
339	0
340	0
341	0
342	0.576183
343	0.670551
344	1
345	0.554766
346	0.486657
347	0.717932
348	0.669153
349	0.482984
350	0.903117
351	0.842124
352	0.788239
353	1
354	0.474919
355	0.902199
356	0.571888
357	0.902225
358	0.940548
359	0.666676
360	0.827729
361	0.861961
362	0.755584
363	0.620724
364	1
365	1
366	1
367	0.901004
368	1
369	1
370	0.840194
371	1
372	1
373	0.864348
374	0.959873
375	0.673068
376	1
377	0.864434
378	1
379	1
380	0.80583
381	0.951168
382	0.770509
383	0.598134
384	0.370874
385	0.493172
386	0.791362
387	0.676368
388	0.697819
389	0
390	0
391	0
392	0
393	0
394	0
395	0
396	0
397	0.540635
398	0.660088
399	0.385262
400	0.433293
401	0.473041
402	0.375628
403	0.336233
404	0.511915
405	0.6274
406	0.457326
407	0.375499
408	0.663119
409	0.429017
410	0.419077
411	0.536217
412	0.413439
413	0.285567
414	0.599467
415	0.334132
416	0.341804
417	0.538308
418	0.479809
419	0.47476
420	0.733
421	0.796105
422	0.609519
423	0.519792
424	0.752646
425	0.708001
426	0.752421
427	0.708274
428	0.413213
429	0.700324
430	0.568935
431	0.396491
432	0.306632
433	0.318543
434	0.541371
435	0.674284
436	0.724276
437	0
438	0
439	0
440	0
441	0
442	0
443	0
444	0
445	0
446	0
447	0
448	0
449	0
450	0
451	0
452	0
453	0
