1	0
2	0
3	0
4	0
5	0
6	0
7	0
8	0
9	0
10	0
11	0
12	0
13	0
14	0
15	0
16	0.0882038
17	0.089953
18	0.0883891
19	0.106856
20	0.0932839
21	0.174838
22	0.205275
23	0.166308
24	0.184965
25	0.175884
26	0.146988
27	0.197185
28	0.188361
29	0.173195
30	0.16128
31	0.230744
32	0.267715
33	0.343606
34	0.219477
35	0.193956
36	0.181112
37	0.171622
38	0.247237
39	0.192246
40	0.232215
41	0.257435
42	0.271609
43	0.196179
44	0.180264
45	0.218332
46	0.181593
47	0.191247
48	0.162964
49	0.173948
50	0.411522
51	0.819021
52	0.546679
53	0.340151
54	0.301477
55	0.525425
56	0.479113
57	0.563415
58	0.308995
59	0
60	0
61	0
62	0.490711
63	0.491241
64	0.368117
65	0.386689
66	0.565358
67	0.473706
68	0.715481
69	0.577981
70	0.584686
71	0.571753
72	0.614909
73	0.619403
74	0.77738
75	0.702595
76	0.531514
77	0.568936
78	0.888522
79	0.848057
80	0.593975
81	0.807726
82	1
83	0.457463
84	0.652875
85	0.807904
86	0.545229
87	0.4331
88	0.764369
89	0.672848
90	0.724633
91	0.562462
92	0.725619
93	0
94	0
95	0
96	0.696596
97	0.679181
98	0.494091
99	0.696134
100	0
101	0
102	0
103	0
104	0.889178
105	0.657722
106	0.763126
107	0.76501
108	0.661974
109	0.90129
110	0.827179
111	0.67639
112	0.729989
113	0.677601
114	0.888897
115	0.731688
116	0.735602
117	0.88869
118	0.561015
119	0.83896
120	0.889467
121	0.733073
122	0.804655
123	0.606246
124	0.767548
125	0.888522
126	0.806324
127	0.440593
128	0.714497
129	0.61536
130	0.378928
131	0.563144
132	0.529039
133	0.459319
134	0.508121
135	0
136	0
137	0
138	0.350177
139	1
140	0.355235
141	0.740069
142	0
143	0
144	0
145	0.662796
146	0.383228
147	0.472849
148	0.409866
149	1
150	0.915145
151	0.648913
152	0.354543
153	0.517428
154	0.729319
155	0.577503
156	0.762894
157	0.528842
158	0.687674
159	0.888084
160	0.631602
161	0.542478
162	0.617035
163	0.758742
164	0.72063
165	0.724316
166	0.811778
167	0.890044
168	0.619564
169	0.59941
170	0.750787
171	0.781702
172	0.403237
173	0.88869
174	1
175	1
176	0.613634
177	0.847785
178	0.784306
179	0.802113
180	0.710968
181	0
182	0
183	0
184	0
185	0
186	0.621745
187	0.508843
188	0.474481
189	0.752909
190	0.615715
191	0.473935
192	0.552722
193	0.729954
194	0.450367
195	0
196	0
197	0
198	0.493244
199	0
200	0
201	0
202	0.590585
203	0.680674
204	0.388708
205	0.407691
206	0.470817
207	0.418093
208	0.368477
209	0.646587
210	0.63575
211	0.508312
212	0.440334
213	0.672836
214	0.74858
215	0.279796
216	0.332605
217	0.692886
218	0.547143
219	0.466502
220	0.596127
221	0.868958
222	0.398964
223	0.508041
224	0.569054
225	0.758683
226	0.32054
227	0.505171
228	0.530155
229	0
230	0.327706
231	0.475259
232	0.791192
233	0.2643
234	0.303763
235	0.459995
236	0.431369
237	0.325238
238	0.372281
239	0.573235
240	0
241	0
242	0
243	0.827087
244	0.573806
245	0.384329
246	0.534651
247	0.641411
248	0.285637
249	0.202983
250	0.317981
251	0.395231
252	0.497311
253	0.48195
254	0.442817
255	0
256	0
257	0
258	0.358561
259	0.514326
260	0.692248
261	0.467706
262	0.671998
263	0.425606
264	0.576385
265	0.541483
266	0.523462
267	0.586612
268	0.529676
269	0.476265
270	0.700623
271	0.75749
272	0.889201
273	0.548499
274	0.609058
275	1
276	0.700357
277	0.424691
278	0.611959
279	0.882427
280	0.483744
281	0.69304
282	0.802327
283	1
284	0.440176
285	0.499838
286	0.873083
287	0.640949
288	0.534485
289	0.657673
290	0.724281
291	0.47029
292	0.673048
293	0.7242
294	0.527717
295	0.657979
296	0
297	0
298	0.607631
299	0.59322
300	0
301	0
302	0.757829
303	0.561813
304	0.610018
305	0.662841
306	0.576418
307	0.562327
308	0.714655
309	0.600689
310	0.447603
311	0.550193
312	0.604566
313	0.886575
314	0.494984
315	0.570928
316	0.886575
317	0.637107
318	0.548896
319	0.802463
320	0.686384
321	0.56558
322	1
323	0.616103
324	0.80281
325	0.462888
326	0.545472
327	0.789142
328	0.889178
329	0.518998
330	0.444836
331	0.542956
332	0.429548
333	0.507195
334	0.514427
335	0.513889
336	0.305084
337	0.241969
338	0.324222
339	0
340	0
341	0
342	0.535456
343	0.615847
344	0.888084
345	0.27302
346	0.269743
347	0.360797
348	0.418448
349	0.25774
350	0.31435
351	0.369106
352	0.443114
353	0.431994
354	0.48586
355	0.488804
356	0.525222
357	0.715746
358	0.645632
359	0.480103
360	0.644511
361	0.807904
362	0.814998
363	0.794597
364	0.724155
365	0.757399
366	0.67813
367	0.628583
368	0.833952
369	0.833952
370	0.610652
371	0.833952
372	1
373	0.763126
374	0.889467
375	0.639035
376	0.88765
377	0.525781
378	0.736638
379	1
380	0.678007
381	0.51911
382	0.528071
383	0.764449
384	0.491591
385	0.70626
386	0.522574
387	0.459536
388	0.512457
389	0.553568
390	0.567998
391	0.61147
392	0.651579
393	0.335651
394	0.576966
395	0.414685
396	0.453621
397	0.238923
398	0.298389
399	0.290457
400	0.257357
401	0.467331
402	0.350739
403	0.243207
404	0.321848
405	0.470477
406	0.468157
407	0.236204
408	0.366968
409	0.516693
410	0.441814
411	0.269846
412	0.296476
413	0.622245
414	0.533642
415	0.370576
416	0.345715
417	0.663424
418	0.512799
419	0.398266
420	0.236509
421	0.426315
422	0.261988
423	0.368601
424	0.504989
425	0.345088
426	0.489473
427	0.46659
428	0.448358
429	0.438492
430	0.386056
431	0
432	0
433	0
434	0
435	0
436	0
437	0
438	0
439	0
440	0
441	0
442	0
443	0
444	0
445	0
446	0
447	0
448	0
449	0
450	0
451	0
452	0
453	0
