1	0
2	0
3	0
4	0
5	0
6	0
7	0
8	0
9	0
10	0
11	0
12	0
13	0
14	0
15	0
16	0
17	0
18	0
19	0
20	0
21	0
22	0
23	0
24	0
25	0
26	0
27	0.446966
28	0.494623
29	0.349646
30	0.364939
31	0.330971
32	0.295481
33	0.489099
34	0.306715
35	0.30975
36	0.429594
37	0.173466
38	0.20718
39	0.291594
40	0.381904
41	0.406551
42	0.584874
43	0.63576
44	0.561596
45	0.411603
46	0.242343
47	0.248437
48	0.381204
49	0.512699
50	0.545026
51	0.760674
52	0.473852
53	0.376169
54	0.591038
55	0.314726
56	0.372069
57	0.40557
58	0.413947
59	0
60	0
61	0
62	0.287683
63	0.390587
64	0.450245
65	0.461455
66	0.493467
67	0.661276
68	0.580771
69	0.453222
70	0.538629
71	0.732825
72	0.642458
73	0.501031
74	0.600979
75	0.760674
76	0.629713
77	0.525963
78	0.632687
79	0.703257
80	0.637618
81	0.760674
82	0.760674
83	0.494821
84	0.730041
85	0.760674
86	0.706891
87	0.621103
88	0.805735
89	0.716776
90	0.631686
91	0.464146
92	0.696411
93	0
94	0
95	0
96	0.809947
97	0.820678
98	0.869002
99	0.643047
100	0
101	0
102	0
103	0
104	0.655679
105	0.610972
106	0.861367
107	0.861367
108	0.630932
109	0.768059
110	0.861367
111	0.861367
112	0.861367
113	0.861367
114	0.831534
115	0.666689
116	0.769209
117	0.861367
118	0.832398
119	0.759605
120	0.747912
121	0.861367
122	0.685174
123	0.861367
124	0.775098
125	0.93296
126	0.932219
127	0.706488
128	0.84578
129	0.660696
130	0.829324
131	0.474332
132	0.818154
133	0.84621
134	0
135	0
136	0
137	0
138	0.937584
139	1
140	0.759267
141	1
142	0
143	0
144	0
145	1
146	0.653258
147	0.583561
148	0.949758
149	1
150	1
151	0.69852
152	0.84353
153	0.830896
154	0.91739
155	0.555503
156	0.898305
157	0.819278
158	0.845616
159	0.798551
160	1
161	0.781189
162	0.897327
163	0.793948
164	0.76303
165	0.924298
166	1
167	0.905143
168	0.898825
169	0.839328
170	0.851206
171	1
172	0.664425
173	1
174	1
175	1
176	0.962657
177	1
178	0.770036
179	1
180	0.893775
181	0
182	0
183	0
184	0
185	0
186	0.82792
187	1
188	0.894898
189	0.853538
190	0.600849
191	0.719486
192	0.819167
193	1
194	0
195	0
196	0
197	0
198	0
199	0
200	0
201	0
202	1
203	0.475924
204	0.715375
205	0.481189
206	0.92928
207	0.65078
208	0.577245
209	0.795613
210	0.794318
211	0.896912
212	0.615713
213	0.833699
214	1
215	0.754811
216	0.513205
217	0.743787
218	0.613724
219	0.505034
220	0.916718
221	0.771422
222	0
223	0.585294
224	1
225	0.632888
226	0.897766
227	0.752828
228	0.896105
229	0.75478
230	0.820566
231	0.769611
232	0.624968
233	0.716571
234	0.775467
235	0.787128
236	0.819562
237	0.472774
238	0.75472
239	0.774685
240	0
241	0
242	0
243	1
244	0.686451
245	0.597552
246	0.516759
247	1
248	0.585409
249	0.561802
250	0
251	0
252	0
253	0
254	0
255	0.636488
256	0.675659
257	0.619768
258	0.565582
259	1
260	0.897731
261	0.65868
262	0.869543
263	0.67786
264	0.623981
265	0.848672
266	0.855833
267	0.688762
268	1
269	0.853428
270	0.951252
271	1
272	0.917144
273	0.79408
274	0.69852
275	1
276	0.719367
277	0.584764
278	0.848007
279	0.733263
280	0.55009
281	1
282	1
283	1
284	0.478478
285	0.437252
286	0.953196
287	0.899015
288	0.46893
289	0.724036
290	1
291	0.620503
292	0.508048
293	0.873407
294	0.696575
295	0.773612
296	0
297	0
298	0.642835
299	0.568114
300	0
301	0
302	0.929132
303	0.600555
304	0.784908
305	1
306	0.780474
307	0.645265
308	1
309	1
310	0.878341
311	0.750822
312	0.954562
313	1
314	0.611549
315	0.744084
316	0.810854
317	0.851056
318	0.830968
319	0.876482
320	1
321	0.739943
322	1
323	0.786266
324	1
325	0.61094
326	0.744063
327	0.833711
328	1
329	0.898432
330	0.660528
331	0.868644
332	0.918905
333	0.683049
334	0.559552
335	0.779085
336	0.703716
337	0.807482
338	0.7817
339	0
340	0
341	0
342	0.84052
343	0.781535
344	1
345	0.451434
346	0.454084
347	0.864995
348	0.83203
349	0.578071
350	0.899015
351	0.501761
352	0.683505
353	0.89824
354	0.74785
355	0.754963
356	0.772543
357	0.918054
358	0.953445
359	0.530492
360	0.868565
361	0.89824
362	0.819961
363	0.724202
364	1
365	0.897327
366	0.96755
367	0.785389
368	1
369	1
370	0.703037
371	0.899015
372	1
373	0.897394
374	0.9492
375	0.672633
376	0.867457
377	0.867457
378	0.867457
379	0.867457
380	0.775616
381	0.775616
382	0.700824
383	0.802674
384	0.506295
385	0.672218
386	0.543039
387	0.71473
388	0.547369
389	0
390	0
391	0
392	0
393	0
394	0
395	0
396	0
397	0.867457
398	0.466129
399	0.476495
400	0.440738
401	0.428188
402	0.467868
403	0.358583
404	0.360768
405	0.510692
406	0.393685
407	0.557801
408	0.494855
409	0.410761
410	0.349229
411	0.362553
412	0.440856
413	0.484636
414	0.30929
415	0.345716
416	0.520026
417	0.438637
418	0.379376
419	0.491965
420	0.486066
421	0.193088
422	0.209555
423	0.373048
424	0.265436
425	0.383543
426	0.447618
427	0.410998
428	0.586167
429	0.591223
430	0.47234
431	0.39759
432	0.652643
433	0.419029
434	0.538844
435	0.563696
436	0
437	0
438	0
439	0
440	0
441	0
442	0
443	0
444	0
445	0
446	0
447	0
448	0
449	0
450	0
451	0
452	0
453	0
