1	0
2	0
3	0
4	0
5	0
6	0
7	0
8	0
9	0.296397
10	0.234503
11	0.263227
12	0.295936
13	0.317191
14	0.329718
15	0.321984
16	0.295473
17	0.377301
18	0.400767
19	0.448298
20	0.266534
21	0.249506
22	0.367491
23	0.433162
24	0.332792
25	0.333057
26	0.282607
27	0.353901
28	0.486109
29	0.469148
30	0.723412
31	0.288667
32	0.408536
33	0.469764
34	0.465352
35	0.785595
36	0.567316
37	0.470053
38	0.353979
39	0.345708
40	0.481623
41	0.436265
42	0.451647
43	0.650629
44	0.260955
45	0.521942
46	0.570963
47	0.354289
48	0.457117
49	0.497856
50	0.521766
51	0.629164
52	0.407947
53	0.423132
54	0.430519
55	0.348562
56	0.427701
57	0.428251
58	0.348852
59	0
60	0
61	0
62	0.629164
63	0.496841
64	0.403045
65	0.35832
66	0.64421
67	0.601134
68	0.735343
69	0.491408
70	0.536124
71	0.688972
72	0.621762
73	0.595162
74	0.558398
75	0.702357
76	0.530669
77	0.585214
78	0.869538
79	0.715715
80	0.573839
81	0.834545
82	1
83	0.695018
84	0.591421
85	0.747297
86	0.507313
87	0.62485
88	0.841312
89	0.887338
90	0.711063
91	0.495659
92	0.487813
93	0
94	0
95	0
96	0.679403
97	0.469997
98	0.50243
99	0.647625
100	0
101	0
102	0
103	0
104	0.758229
105	0.572672
106	0.801655
107	0.885988
108	0.663051
109	0.855281
110	0.710501
111	0.9106
112	0.78134
113	0.900495
114	0.910146
115	0.722419
116	1
117	1
118	0.399567
119	1
120	0.822379
121	0.754333
122	0.631385
123	0.886271
124	1
125	1
126	0.779122
127	0.885118
128	1
129	0.732666
130	0.663389
131	0.66217
132	0.750958
133	0.377759
134	0
135	0
136	0
137	0
138	0.557967
139	1
140	0.656999
141	0.886762
142	0
143	0
144	0
145	0.885768
146	0.538431
147	0.610647
148	0.679421
149	1
150	0.816011
151	0.64636
152	0.60222
153	0.815802
154	0.699951
155	0.647917
156	0.910476
157	0.598825
158	0.800701
159	1
160	0.792796
161	0.925673
162	0.811425
163	0.817503
164	0.633816
165	0.777029
166	0.830044
167	1
168	0.6555
169	0.884966
170	0.887008
171	1
172	0.707999
173	0.900456
174	0.900314
175	0.900755
176	0.801296
177	0.71374
178	0.908946
179	0.899859
180	0.759505
181	0
182	0
183	0
184	0
185	0
186	0.723989
187	0.793979
188	0.643781
189	0.509456
190	0.792572
191	0.684363
192	0.836916
193	0.506357
194	0
195	0
196	0
197	0
198	0
199	0
200	0
201	0
202	0.636068
203	0.469881
204	0.344933
205	0.530837
206	0.826487
207	0.566077
208	0.666813
209	0.635601
210	0.815464
211	0.596899
212	0.671869
213	0.964871
214	1
215	0.554609
216	0.657846
217	0.747488
218	0.667913
219	0.727644
220	0.686415
221	0.674349
222	0
223	0.576021
224	1
225	0.780075
226	0.674468
227	0.742138
228	0.592627
229	0.724112
230	0.594799
231	0.702968
232	0.315394
233	0.510998
234	0.640514
235	0.356534
236	0.670052
237	0.533661
238	0.50507
239	0.438715
240	0.548599
241	0.360783
242	0
243	1
244	0.5235
245	0.618925
246	0.567458
247	0.815481
248	0.600164
249	0
250	0
251	0
252	0
253	0
254	0
255	0
256	0
257	0.455496
258	0.49449
259	0.576355
260	0.625502
261	0.635144
262	0.490545
263	0.670926
264	0.648222
265	0.496111
266	0.632275
267	0.619418
268	0.526096
269	0.656315
270	0.512234
271	0.815666
272	0.960616
273	0.696919
274	0.697325
275	0.863219
276	0.736192
277	0.58041
278	0.692257
279	0.853636
280	0.514466
281	0.711813
282	1
283	0.863329
284	0.621883
285	0.485668
286	1
287	0.565277
288	0.50647
289	0.608547
290	0.848508
291	0.586395
292	0.376914
293	0.67653
294	0.554451
295	0.801022
296	0
297	0
298	0.577012
299	0.603128
300	0
301	0
302	0.59014
303	0.542677
304	0.857767
305	1
306	0.555024
307	0.853535
308	0.686471
309	0.817972
310	0.734701
311	0.571148
312	0.848276
313	0.863536
314	0.656682
315	0.727542
316	0.863314
317	0.689624
318	0.827274
319	1
320	1
321	0.682063
322	1
323	0.853014
324	0.738445
325	0.727601
326	0.634561
327	0.583955
328	0.597301
329	0.760943
330	0.520439
331	0.546367
332	0.611767
333	0.396255
334	0.479895
335	0.687914
336	0.369048
337	0
338	0.380867
339	0.550449
340	0
341	0.455608
342	0.531527
343	0.597899
344	1
345	0.361582
346	0.483625
347	0.53148
348	0.504795
349	0.365949
350	0.522266
351	0.622633
352	0.630933
353	0.794498
354	0.558137
355	0.64389
356	0.918551
357	0.92549
358	0.604357
359	0.566253
360	0.805429
361	0.723454
362	0.805383
363	0.589204
364	0.886494
365	0.850636
366	0.800914
367	0.887338
368	1
369	1
370	0.640392
371	1
372	0.900755
373	0.792632
374	0.873818
375	0.712102
376	0.901298
377	0.700701
378	0.887178
379	0.901374
380	0.732114
381	0.473738
382	0.529014
383	0.514874
384	0.447345
385	0.332734
386	0.621968
387	0.566012
388	0.280109
389	0
390	0
391	0
392	0
393	0
394	0
395	0
396	0
397	0.455537
398	0.617648
399	0.643892
400	0.766463
401	0.392334
402	0.299585
403	0.374795
404	0.31667
405	0.334745
406	0.359922
407	0.457078
408	0.510147
409	0.436727
410	0.411641
411	0.611524
412	0.602837
413	0.61994
414	0.712262
415	0.745844
416	0.571611
417	0.710333
418	0.634999
419	0.79236
420	0.792837
421	0.727638
422	0.668672
423	0.554651
424	0.651293
425	0.768757
426	0.710612
427	0.664928
428	0.917258
429	0.566646
430	0.512749
431	0
432	0
433	0
434	0
435	0
436	0
437	0
438	0
439	0
440	0
441	0
442	0
443	0
444	0
445	0
446	0
447	0
448	0
449	0
450	0
451	0
452	0
453	0
