1	0
2	0
3	0
4	0
5	0
6	0
7	0
8	0
9	0
10	0
11	0
12	0
13	0
14	0
15	0
16	0
17	0
18	0
19	0
20	0
21	0
22	0.604232
23	0.498041
24	0.576591
25	0.449266
26	0.569865
27	1
28	0.546439
29	0.475999
30	0.473333
31	0.73223
32	0.43467
33	0.561962
34	0.65887
35	0.426888
36	0.514031
37	0.899784
38	0.702974
39	0.903798
40	0.778449
41	0.70117
42	0.809514
43	0.630981
44	0.472495
45	0.544938
46	0.644105
47	0.821639
48	0.473454
49	0.553725
50	1
51	1
52	0.487126
53	0.459798
54	0.703602
55	0.703501
56	0.733255
57	0.581465
58	0
59	0
60	0
61	0
62	0.809505
63	0.808972
64	0.703246
65	0.719778
66	0.528981
67	0.808718
68	0.608041
69	0.657155
70	0.474238
71	1
72	0.809622
73	1
74	0.687886
75	1
76	1
77	1
78	0.80965
79	0.810349
80	0.808915
81	1
82	1
83	0.809561
84	0.808454
85	1
86	0.808616
87	0.885059
88	1
89	0.808348
90	0.808486
91	0.616764
92	0.729445
93	0
94	0
95	0
96	1
97	0.733223
98	0.736972
99	0.717677
100	0
101	0
102	0
103	0
104	1
105	0.732813
106	0.810178
107	1
108	0.808454
109	0.809709
110	1
111	0.809824
112	1
113	1
114	1
115	0.65066
116	1
117	1
118	1
119	1
120	0.809824
121	1
122	0.809505
123	0.917672
124	1
125	1
126	0.810349
127	0.808092
128	1
129	0.783856
130	1
131	0.702844
132	0.6565
133	0.464023
134	0
135	0
136	0
137	0
138	1
139	1
140	1
141	1
142	0
143	0
144	0
145	1
146	0.809126
147	0.450643
148	0.809561
149	1
150	1
151	0.655939
152	0.808348
153	1
154	0.8103
155	0.810349
156	0.808989
157	1
158	0.808348
159	1
160	1
161	1
162	0.810178
163	0.808964
164	1
165	1
166	1
167	1
168	0.808888
169	1
170	1
171	1
172	0.719806
173	1
174	1
175	1
176	0.8103
177	0.809622
178	0.808348
179	1
180	1
181	0
182	0
183	0
184	0
185	0
186	0.80952
187	0.809549
188	1
189	0.72014
190	0.717249
191	0.624629
192	0.809743
193	0
194	0
195	0
196	0
197	0
198	0
199	0
200	0
201	0
202	0.809405
203	0.808619
204	0.808798
205	0.686594
206	0.808454
207	0.732019
208	0.809022
209	0.753953
210	0.809305
211	0.729727
212	0.693956
213	0.702758
214	1
215	0.808486
216	1
217	0.808964
218	0.477037
219	0.644759
220	1
221	1
222	0
223	0.808454
224	1
225	0.808323
226	0.702595
227	0.808454
228	0.809709
229	0.809235
230	0.631965
231	0.80965
232	1
233	0.484441
234	0.80888
235	0.430066
236	0.807019
237	1
238	0.526128
239	0.355202
240	0.808454
241	0
242	0
243	1
244	0.808589
245	1
246	0.628316
247	0.492642
248	0.809215
249	0.702689
250	0.639492
251	0
252	0
253	0
254	0
255	0
256	0.810178
257	0.709268
258	0.809191
259	1
260	1
261	0.49294
262	0.808888
263	0.809225
264	1
265	0.626908
266	0.802839
267	0.702875
268	0.900528
269	0.809225
270	0.563465
271	0.709268
272	0.709268
273	0.37874
274	0.480236
275	0.709268
276	0.709268
277	0.418972
278	0.445216
279	0.709268
280	0.49237
281	0.562421
282	0.562628
283	0.709268
284	0.709268
285	0.562421
286	0.581771
287	0.563831
288	0.349895
289	0.563206
290	0.709268
291	0.437434
292	0.493105
293	0.563274
294	0.47194
295	0.653514
296	0
297	0
298	0.717144
299	0.809988
300	0
301	0
302	1
303	0.668362
304	1
305	1
306	1
307	0.916729
308	0.840912
309	0.91323
310	0.809657
311	0.899819
312	1
313	1
314	0.717773
315	0.627008
316	1
317	1
318	1
319	1
320	1
321	0.80902
322	1
323	1
324	0.736092
325	1
326	1
327	0.8103
328	0.583412
329	0.618609
330	1
331	1
332	1
333	0.808718
334	1
335	0.809365
336	0.579604
337	0
338	0.635191
339	0.808348
340	0
341	0.41852
342	0.809107
343	0.611521
344	1
345	0.628463
346	1
347	1
348	0.612367
349	0.656635
350	0.853118
351	0.64552
352	0.686602
353	1
354	1
355	0.630748
356	0.899494
357	1
358	0.718229
359	0.80941
360	1
361	1
362	0.809824
363	0.78344
364	0.809579
365	0.808828
366	1
367	0.810349
368	1
369	1
370	0.591229
371	0.810349
372	1
373	1
374	1
375	0.808348
376	1
377	0.810318
378	0.809809
379	1
380	1
381	0.573127
382	0.809588
383	0.809824
384	0.718057
385	1
386	0.717088
387	1
388	0
389	0
390	0
391	0
392	0
393	0
394	0
395	0
396	0
397	0.809555
398	0.599108
399	0.739691
400	1
401	0.810349
402	1
403	0.809107
404	0.810204
405	0.901066
406	0.809146
407	0.718403
408	0.80965
409	1
410	0.809062
411	0.598877
412	0.666341
413	0.809451
414	0.913772
415	0.80878
416	0.784665
417	1
418	0.810178
419	1
420	0.545429
421	0.717375
422	0.703035
423	0.809149
424	0.62878
425	0.777222
426	0.90086
427	0
428	0
429	0
430	0
431	0
432	0
433	0
434	0
435	0
436	0
437	0
438	0
439	0
440	0
441	0
442	0
443	0
444	0
445	0
446	0
447	0
448	0
449	0
450	0
451	0
452	0
453	0
