1	0
2	0
3	0
4	0
5	0
6	0
7	0
8	0
9	0
10	0
11	0
12	0
13	0
14	0
15	0
16	0
17	0
18	0
19	0
20	0
21	0
22	0
23	0
24	0.260056
25	0.256286
26	0.218485
27	0.221892
28	0.197699
29	0.420449
30	0.288317
31	0.228604
32	0.326078
33	0.43824
34	0.56487
35	0.23828
36	0.406793
37	0.320759
38	0.329905
39	0.239885
40	0.50276
41	0.526384
42	0.464345
43	0.570944
44	0.378579
45	0.46244
46	0.318693
47	0.208183
48	0.323575
49	0.493878
50	0.591339
51	0.655059
52	0.385669
53	0.367733
54	0.303513
55	0.377758
56	0.488683
57	0.434177
58	0.369058
59	0
60	0
61	0
62	0.655912
63	0.494103
64	0.431348
65	0.557421
66	0.557677
67	0.629442
68	0.646771
69	0.535812
70	0.565827
71	0.625001
72	0.395815
73	0.549296
74	0.697312
75	0.644328
76	0.536912
77	0.456717
78	0.73264
79	0.546331
80	0.504409
81	0.823575
82	0.823575
83	0.524608
84	0.558166
85	0.697312
86	0.47212
87	0.424711
88	0.609404
89	0.484699
90	0.576072
91	0.53132
92	0.576841
93	0
94	0
95	0
96	0.61187
97	0.700213
98	0.372631
99	0.540287
100	0
101	0
102	0
103	0
104	0.465538
105	0.497306
106	0.576329
107	0.595558
108	0.512362
109	0.685557
110	0.580358
111	0.529175
112	0.652123
113	0.823575
114	0.609478
115	0.567734
116	0.639677
117	0.823575
118	0.640601
119	0.638968
120	0.596527
121	0.595041
122	0.436782
123	0.557969
124	0.667061
125	0.732603
126	0.639368
127	0.557311
128	0.554699
129	0.638784
130	0.462239
131	0.497364
132	0.403239
133	0.405198
134	0
135	0
136	0
137	0
138	0.330471
139	0.823575
140	0.519162
141	0.733974
142	0
143	0
144	0
145	0.710521
146	0.33687
147	0.645646
148	0.727674
149	0.890573
150	0.428197
151	0.493069
152	0.587386
153	0.569483
154	0.428537
155	0.628498
156	0.627968
157	0.569448
158	0.566034
159	0.607773
160	0.564428
161	0.585739
162	0.652242
163	0.702987
164	0.756687
165	0.694472
166	0.619385
167	0.786862
168	0.650313
169	0.543409
170	0.793092
171	0.786232
172	0.654258
173	0.668922
174	0.890573
175	0.793882
176	0.607367
177	0.695001
178	0.703117
179	0.650087
180	0.616704
181	0
182	0
183	0
184	0
185	0
186	0.695787
187	0.604895
188	0.644512
189	0.560574
190	0.543898
191	0.425931
192	0.508446
193	0.786473
194	0
195	0
196	0
197	0
198	0
199	0
200	0
201	0
202	0.748141
203	0.613598
204	0.576359
205	0.606679
206	0.372904
207	0.587997
208	0.554989
209	0.518544
210	0.543104
211	0.430103
212	0.567112
213	0.790047
214	0.887736
215	0.715881
216	0.71849
217	0.761568
218	0.635893
219	0.612614
220	0.778234
221	0.657182
222	0
223	0.550436
224	1
225	0.696765
226	0.590768
227	0.713989
228	0.898291
229	0.699012
230	0.33797
231	0.522697
232	0.38711
233	0.433356
234	0.328829
235	0.459035
236	0.439804
237	0.537608
238	0.424844
239	0.609318
240	0
241	0
242	0
243	1
244	0.534497
245	0.664912
246	0.380877
247	0.663346
248	0.663043
249	0.353598
250	0
251	0
252	0
253	0
254	0
255	0
256	0
257	0.353076
258	0.384362
259	0.896197
260	0.391731
261	0.491087
262	0.391576
263	0.627507
264	0.523084
265	0.672258
266	0.616595
267	0.658
268	0.715939
269	0.505607
270	0.718863
271	0.683188
272	0.70418
273	0.575481
274	0.771501
275	0.897344
276	0.696642
277	0.592293
278	0.703436
279	0.790086
280	0.79325
281	0.446678
282	0.741471
283	1
284	0.71848
285	0.575694
286	0.920466
287	0.69656
288	0.568505
289	0.673568
290	0.799755
291	0.765235
292	0.562919
293	0.514359
294	0.644144
295	0.564446
296	0
297	0
298	0.421614
299	0.495017
300	0
301	0
302	0.741933
303	0.800141
304	0.968538
305	0.697
306	0.741076
307	0.697389
308	0.727089
309	0.718536
310	0.692148
311	0.573604
312	0.629763
313	0.680092
314	0.562665
315	0.55979
316	1
317	0.789974
318	0.410531
319	0.789913
320	0.696306
321	0.887112
322	0.888055
323	0.790029
324	0.578115
325	0.592114
326	0.578425
327	0.584322
328	0.486284
329	0.572157
330	0.697042
331	0.425632
332	0.519189
333	0.532937
334	0.625301
335	0.738909
336	0.500082
337	0
338	0.493424
339	0.525262
340	0
341	0.351265
342	0.369515
343	0.423396
344	0.729119
345	0.363654
346	0.520025
347	0.513138
348	0.325973
349	0.333792
350	0.552594
351	0.414448
352	0.5373
353	0.581034
354	0.651472
355	0.55545
356	0.650116
357	0.653848
358	0.696814
359	0.718328
360	0.903502
361	0.637193
362	0.704841
363	0.8572
364	0.789914
365	0.841478
366	0.789826
367	0.727145
368	0.683604
369	0.846887
370	0.683291
371	0.889192
372	1
373	0.887989
374	0.791053
375	0.719071
376	0.799083
377	0.501777
378	0.658593
379	0.88767
380	0.719143
381	0.412384
382	0.629145
383	0.597813
384	0.476423
385	0.373879
386	0.550741
387	0.625292
388	0.465903
389	0
390	0
391	0
392	0
393	0
394	0
395	0
396	0
397	0.444974
398	0.435344
399	0.597402
400	0.530202
401	0.559314
402	0.58753
403	0.512321
404	0.468849
405	0.459215
406	0.545416
407	0.521842
408	0.541537
409	0.691095
410	0.308374
411	0.637226
412	0.817982
413	0.509934
414	0.43625
415	0.391506
416	0.716424
417	0.657926
418	0.586989
419	0.572
420	0.512297
421	0.587252
422	0.725018
423	0.597345
424	0.604268
425	0.66274
426	0.571835
427	0.533562
428	0.520428
429	0.646232
430	0.650801
431	0
432	0
433	0
434	0
435	0
436	0
437	0
438	0
439	0
440	0
441	0
442	0
443	0
444	0
445	0
446	0
447	0
448	0
449	0
450	0
451	0
452	0
453	0
