1	0
2	0
3	0
4	0
5	0
6	0
7	0
8	0
9	0
10	0
11	0
12	0
13	0
14	0
15	0
16	0
17	0
18	0
19	0
20	0
21	0
22	0
23	0
24	0
25	0
26	0
27	0
28	0
29	0
30	0.318641
31	0.234081
32	0.29959
33	0.330526
34	0.305759
35	0.185602
36	0.279325
37	0.268449
38	0.257156
39	0.274869
40	0.340393
41	0.281041
42	0.273873
43	0.327525
44	0.384881
45	0.368726
46	0.23831
47	0.361067
48	0.466275
49	0.198262
50	0.359443
51	0.711231
52	0.495333
53	0.328866
54	0.221199
55	0.237804
56	0.374649
57	0.21425
58	0
59	0
60	0
61	0
62	0.533724
63	0.323717
64	0.447199
65	0.372295
66	0.260254
67	0.617382
68	0.446385
69	0.517569
70	0.519095
71	0.536605
72	0.347034
73	0.556331
74	0.541271
75	0.54135
76	0.42271
77	0.711321
78	0.803376
79	0.561473
80	0.45919
81	0.803376
82	0.803376
83	0.467884
84	0.711922
85	0.803376
86	0.715063
87	0.506276
88	0.550501
89	0.669257
90	0.442976
91	0.637614
92	0.748423
93	0
94	0
95	0
96	0.712611
97	0.632769
98	0.747983
99	0.404093
100	0
101	0
102	0
103	0
104	0.71193
105	0.658982
106	0.686315
107	0.711699
108	0.475428
109	0.686015
110	0.71115
111	0.480709
112	0.803376
113	0.803376
114	0.610093
115	0.494045
116	0.690162
117	0.803376
118	0.778642
119	0.473948
120	0.666179
121	0.570015
122	0.451949
123	0.432123
124	0.712448
125	0.803376
126	0.45954
127	0.620793
128	0.506139
129	0.316414
130	0.254061
131	0.358422
132	0.332894
133	0.347367
134	0
135	0
136	0
137	0
138	0.689025
139	0.883813
140	0.433715
141	0.662575
142	0
143	0
144	0
145	0.826181
146	0.665413
147	0.518368
148	0.514607
149	0.883813
150	0.7842
151	0.577031
152	0.492202
153	0.708983
154	0.529685
155	0.548982
156	0.892821
157	0.649112
158	0.751653
159	0.710225
160	0.626337
161	0.772733
162	0.843035
163	0.732909
164	0.682994
165	0.59768
166	0.773429
167	0.89226
168	0.770589
169	0.478474
170	0.89402
171	1
172	0.623547
173	0.689904
174	1
175	0.893033
176	0.661808
177	0.653814
178	0.89226
179	0.796362
180	0.470108
181	0
182	0
183	0
184	0
185	0
186	0.937904
187	0.740587
188	0.950475
189	0.524781
190	0.736656
191	0.542031
192	0.416102
193	0.372219
194	0
195	0
196	0
197	0
198	0
199	0
200	0
201	0
202	0.619106
203	0.508795
204	0.376283
205	0.519108
206	0.743319
207	0.541121
208	0.708739
209	0.613323
210	0.571394
211	0.410186
212	0.526952
213	0.573126
214	1
215	0.482394
216	0.502337
217	1
218	0.614513
219	0.752801
220	0.483418
221	0.629737
222	0.732054
223	0.764404
224	0.555888
225	0.483159
226	0.579191
227	0.64908
228	0.631457
229	0
230	0.440163
231	0.767508
232	0.340425
233	0.338737
234	0.27458
235	0.327283
236	0
237	0
238	0
239	0
240	0
241	0
242	0
243	1
244	0.456572
245	0.877976
246	0.482154
247	0.518669
248	0.200975
249	0.190264
250	0
251	0
252	0
253	0
254	0
255	0
256	0
257	0
258	0
259	0.68866
260	0.439863
261	0.543314
262	0.482531
263	0.631989
264	0.651268
265	0.821925
266	0.683521
267	0.581851
268	0.828909
269	0.485772
270	0.642055
271	0
272	0.893588
273	0.81584
274	0.676823
275	0.718992
276	0.447752
277	0.539486
278	0.623044
279	0.838995
280	0.575712
281	0.752762
282	0.893009
283	0.871501
284	0.503936
285	0.446483
286	0.948197
287	0.797983
288	0.503092
289	0.624382
290	0.937201
291	0.578848
292	0.851476
293	0.745678
294	0.706224
295	0.778752
296	0
297	0
298	0.548141
299	0.718752
300	0
301	0
302	0.667339
303	0.674619
304	0.841634
305	0.781989
306	0.811654
307	0.674565
308	0.893112
309	0.862968
310	0.736083
311	0.560778
312	0.794478
313	0.831121
314	0.520345
315	0.710433
316	0.738389
317	0.831869
318	0.737944
319	0.786716
320	1
321	0.718115
322	1
323	0.893033
324	0.892833
325	0.512374
326	0.476961
327	0.45364
328	0.94378
329	0.812505
330	0.459268
331	0.659122
332	0.604713
333	0.26617
334	0.317458
335	0.235191
336	0.200672
337	0
338	0.311648
339	0.411328
340	0
341	0
342	0.354041
343	0.41783
344	0.839178
345	0.461513
346	0.264911
347	0.267158
348	0.427086
349	0.39791
350	0.560245
351	0.464411
352	0.708573
353	0.774149
354	0.454989
355	0.468296
356	0.753935
357	0.702487
358	0.730982
359	0.359161
360	0.500201
361	0.866659
362	0.876592
363	0.843393
364	0.816922
365	0.892631
366	0.8932
367	0.620002
368	1
369	1
370	0.894815
371	0.874219
372	1
373	0.778617
374	0.893506
375	0.836227
376	0.893512
377	0.726658
378	0.894192
379	1
380	0.755477
381	0.533735
382	0.893242
383	0.881224
384	0.710564
385	0.322429
386	0.667653
387	0.555927
388	0.37271
389	0
390	0
391	0
392	0
393	0
394	0
395	0
396	0
397	0.409945
398	0.33611
399	0.548052
400	0.356356
401	0.639742
402	0.399967
403	0.160331
404	0.2928
405	0.206683
406	0.245326
407	0.428905
408	0.288078
409	0.357401
410	0.301058
411	0.210071
412	0.348156
413	0.390209
414	0.677543
415	0.400221
416	0.519301
417	0.37906
418	0.47084
419	0.243921
420	0.461511
421	0.621191
422	0.486664
423	0.529965
424	0.786427
425	0.542757
426	0.628113
427	0
428	0
429	0
430	0
431	0
432	0
433	0
434	0
435	0
436	0
437	0
438	0
439	0
440	0
441	0
442	0
443	0
444	0
445	0
446	0
447	0
448	0
449	0
450	0
451	0
452	0
453	0
