1	0
2	0
3	0
4	0
5	0
6	0
7	0
8	0
9	0
10	0
11	0
12	0
13	0
14	0
15	0
16	0
17	0
18	0
19	0
20	0
21	0
22	0
23	0
24	0
25	0
26	0
27	0
28	0
29	0
30	0
31	0
32	0
33	0
34	0
35	0
36	0
37	0
38	0
39	0
40	0
41	0
42	0
43	0.49158
44	0.509701
45	0.305955
46	0.542689
47	0.659592
48	0.398753
49	0.585003
50	0.5741
51	0.738567
52	0.651353
53	0.386587
54	0.703224
55	0.474234
56	0.395545
57	0.425113
58	0.440212
59	0.416741
60	0.28972
61	0.255722
62	0.618899
63	0.663865
64	0.770976
65	0.468208
66	0.760365
67	0.675619
68	0.877057
69	0.756305
70	0.999998
71	0.8964
72	0
73	0
74	0
75	0.8964
76	0.854645
77	0.662801
78	0
79	0
80	0.751821
81	0.568911
82	0
83	0.527116
84	0.427355
85	0.704299
86	0.956556
87	0
88	0
89	0.999998
90	0.531794
91	0.428051
92	0
93	0
94	0
95	0.824676
96	0.938866
97	0.59695
98	0.546899
99	0.750687
100	0.692266
101	0.64897
102	0
103	0
104	0
105	0.827307
106	0
107	0.580515
108	0.411099
109	0.432869
110	0.676227
111	0.849475
112	0
113	0.892873
114	0.53068
115	0.580079
116	0
117	0.694957
118	0
119	0
120	0
121	0
122	0
123	0
124	0
125	0
126	0
127	0.892873
128	0.710076
129	0.778125
130	0.999998
131	0.770533
132	0.999998
133	0
134	0.519917
135	0
136	0.754337
137	0
138	0
139	0
140	0
141	0
142	0
143	0.887782
144	0.520425
145	0.637011
146	0.999998
147	0.999998
148	0.999998
149	0.999998
150	0.81556
151	0.60318
152	0.687529
153	0
154	1.20101e-05
155	0.656061
156	0.999998
157	0.909117
158	0.336902
159	0.825129
160	0.814129
161	0.833714
162	0.536047
163	0.73278
164	0.918594
165	0.620312
166	0.59038
167	0.317952
168	0.538067
169	0.533608
170	0.652917
171	0.247398
172	0.381442
173	0.335996
174	0.210676
175	0.202316
176	0.231734
177	0.0774064
178	0.16262
179	0.0765767
180	0.0768508
181	0.0564738
182	0.0395312
183	0
184	0
185	0
186	0
187	0
188	0
189	0
190	0
191	0
192	0
193	0
194	0
195	0
196	0
197	0
198	0
199	0
200	0
201	0
202	0
203	0
204	0
205	0
206	0
207	0
208	0
209	0
210	0
211	0
212	0
213	0
214	0
215	0
216	0
217	0
218	0
219	0
220	0
221	0
222	0
223	0
224	0
225	0
226	0
227	0
228	0
229	0
230	0
231	0
232	0
233	0
234	0
235	0
236	0
237	0
238	0
239	0
240	0
241	0
242	0
243	0
244	0
245	0
246	0
247	0
248	0
249	0
250	0
251	0
252	0
253	0
254	0
255	0
256	0
257	0
258	0
259	0
260	0
261	0
262	0
263	0
264	0
265	0
266	0
267	0
268	0
269	0
270	0
271	0
272	0
273	0
274	0
275	0
276	0
277	0
278	0
279	0
280	0
281	0
282	0
283	0
284	0
285	0
286	0
287	0
288	0
289	0
290	0
291	0
292	0
293	0
294	0
295	0
296	0
297	0
298	0
299	0
300	0
301	0
302	0
303	0
304	0
305	0
306	0
307	0
308	0
309	0
310	0
311	0
312	0
313	0
314	0
315	0
316	0
317	0
318	0
319	0
320	0
321	0
322	0
323	0
324	0
325	0
326	0
327	0
328	0
329	0
330	0
331	0
332	0
333	0
334	0
335	0
336	0
337	0
338	0
339	0
340	0
341	0
342	0
343	0
344	0
345	0
346	0
347	0
348	0
349	0
350	0
351	0
352	0
353	0
354	0
355	0
356	0
357	0
358	0
359	0
360	0
361	0
362	0
363	0
364	0
365	0
366	0
367	0
368	0
369	0
370	0
371	0
372	0
373	0
374	0
375	0
376	0
377	0
378	0
379	0
380	0
381	0
382	0
383	0
384	0
385	0
386	0
387	0
388	0
389	0
390	0
391	0
392	0
393	0
394	0
395	0
396	0
397	0
398	0
399	0
400	0
401	0
402	0
403	0
404	0
405	0
406	0
407	0
408	0
409	0
410	0
411	0
412	0
413	0
414	0
415	0
416	0
417	0
418	0
419	0
420	0
421	0
422	0
423	0
424	0
425	0
426	0
427	0
428	0
429	0
430	0
431	0
432	0
433	0
434	0
435	0
436	0
437	0
438	0
439	0
440	0
441	0
442	0
443	0
444	0
445	0
446	0
447	0
448	0
449	0
450	0
451	0
452	0
453	0
454	0
455	0
456	0
457	0
458	0
459	0
460	0
461	0
462	0
463	0
464	0
465	0
466	0
467	0
468	0
469	0
470	0
471	0
472	0
