1	0
2	0
3	0
4	0
5	0
6	0
7	0
8	0
9	0
10	0
11	0
12	0
13	0
14	0
15	0
16	0
17	0
18	0
19	0
20	0
21	0
22	0
23	0
24	0
25	0
26	0
27	0
28	0
29	0
30	0
31	0
32	0
33	0
34	0
35	1
36	0.936163
37	0.709285
38	0.936704
39	0.522584
40	0.831905
41	0.869767
42	0.710836
43	0.50854
44	1
45	0.929255
46	0.275921
47	0.346681
48	0.532014
49	0.816106
50	0.544026
51	0.415142
52	0.868285
53	0.759256
54	0.831454
55	0.503408
56	0.518743
57	0.720396
58	1
59	0.611215
60	0.812679
61	0.492006
62	1
63	0.809355
64	0.694673
65	0.832177
66	0.935706
67	0.392471
68	0.648055
69	0.532881
70	0.58717
71	1
72	0
73	0
74	0
75	1
76	0.739235
77	0.8104
78	0
79	0
80	0.767991
81	0.454818
82	0.819152
83	0.8952
84	0
85	0.823526
86	0.879804
87	0
88	0
89	0.8854
90	0.842006
91	0.776852
92	0
93	0
94	0
95	0.866563
96	0.769326
97	0.674027
98	0.877977
99	0.93807
100	0.872799
101	0.763042
102	0
103	0
104	0
105	0.937502
106	0
107	0.866404
108	0
109	0
110	0.803127
111	0
112	0
113	1
114	0.670631
115	0.928213
116	0
117	1
118	0
119	0
120	0
121	0
122	0
123	0
124	0
125	0
126	0
127	1
128	1
129	0.935779
130	0.901547
131	0.775169
132	0.928057
133	0
134	0.86732
135	0
136	0.771551
137	0
138	0
139	0
140	0
141	0
142	0
143	0.780411
144	0.891746
145	0.813226
146	0.803256
147	1
148	0.682454
149	1
150	0.927844
151	0.560419
152	0.608234
153	0
154	0
155	0.646184
156	0.934801
157	1
158	1
159	0.808967
160	0.936218
161	0.929858
162	0.828284
163	0.840382
164	0.832557
165	0.603617
166	0.86377
167	0.877186
168	0.869689
169	0.750277
170	0.937924
171	0.566699
172	0.793724
173	0.538689
174	0.675746
175	0.592074
176	0.236198
177	0.385758
178	0.538991
179	0.265895
180	0.369291
181	0.201504
182	0.222738
183	0.220961
184	0.159917
185	0.232407
186	0.159436
187	0.151915
188	0.10689
189	0.164532
190	0.170209
191	0.155554
192	0.173354
193	0.12636
194	0
195	0
196	0
197	0
198	0
199	0
200	0
201	0
202	0
203	0
204	0
205	0
206	0
207	0
208	0
209	0
210	0
211	0
212	0
213	0
214	0
215	0
216	0
217	0
218	0
219	0
220	0
221	0
222	0
223	0
224	0
225	0
226	0
227	0
228	0
229	0
230	0
231	0
232	0
233	0
234	0
235	0
236	0
237	0
238	0
239	0
240	0
241	0
242	0
243	0
244	0
245	0
246	0
247	0
248	0
249	0
250	0
251	0
252	0
253	0
254	0
255	0
256	0
257	0
258	0
259	0
260	0
261	0
262	0
263	0
264	0
265	0
266	0
267	0
268	0
269	0
270	0
271	0
272	0
273	0
274	0
275	0
276	0
277	0
278	0
279	0
280	0
281	0
282	0
283	0
284	0
285	0
286	0
287	0
288	0
289	0
290	0
291	0
292	0
293	0
294	0
295	0
296	0
297	0
298	0
299	0
300	0
301	0
302	0
303	0
304	0
305	0
306	0
307	0
308	0
309	0
310	0
311	0
312	0
313	0
314	0
315	0
316	0
317	0
318	0
319	0
320	0
321	0
322	0
323	0
324	0
325	0
326	0
327	0
328	0
329	0
330	0
331	0
332	0
333	0
334	0
335	0
336	0
337	0
338	0
339	0
340	0
341	0
342	0
343	0
344	0
345	0
346	0
347	0
348	0
349	0
350	0
351	0
352	0
353	0
354	0
355	0
356	0
357	0
358	0
359	0
360	0
361	0
362	0
363	0
364	0
365	0
366	0
367	0
368	0
369	0
370	0
371	0
372	0
373	0
374	0
375	0
376	0
377	0
378	0
379	0
380	0
381	0
382	0
383	0
384	0
385	0
386	0
387	0
388	0
389	0
390	0
391	0
392	0
393	0
394	0
395	0
396	0
397	0
398	0
399	0
400	0
401	0
402	0
403	0
404	0
405	0
406	0
407	0
408	0
409	0
410	0
411	0
412	0
413	0
414	0
415	0
416	0
417	0
418	0
419	0
420	0
421	0
422	0
423	0
424	0
425	0
426	0
427	0
428	0
429	0
430	0
431	0
432	0
433	0
434	0
435	0
436	0
437	0
438	0
439	0
440	0
441	0
442	0
443	0
444	0
445	0
446	0
447	0
448	0
449	0
450	0
451	0
452	0
453	0
454	0
455	0
456	0
457	0
458	0
459	0
460	0
461	0
462	0
463	0
464	0
465	0
466	0
467	0
468	0
469	0
470	0
471	0
472	0
