1	0
2	0
3	0
4	0
5	0
6	0
7	0
8	0
9	0
10	0
11	0
12	0
13	0
14	0
15	0
16	0
17	0
18	0
19	0
20	0
21	0.938394
22	0.881127
23	0.649362
24	0.875213
25	0.640761
26	0.860398
27	0.786208
28	0.700964
29	0.653158
30	0.72334
31	0.491159
32	0.999999
33	0.898118
34	0.791638
35	0.582573
36	0.629502
37	0.777899
38	0.939636
39	0.840424
40	0.560671
41	0.787676
42	0.567223
43	0.758337
44	0.558011
45	0.938445
46	0.725769
47	0.622446
48	0.0136722
49	0.00848309
50	0.00848309
51	0.00848309
52	0.00809705
53	0.00848309
54	0.00848309
55	0.00848309
56	0.00848309
57	0.00848309
58	0.00848309
59	0.00848309
60	0.00848309
61	0.00808547
62	0.00808338
63	0.0143762
64	0.824021
65	0.933378
66	0.870076
67	0.77719
68	0.999999
69	0.682867
70	0.999999
71	0.999999
72	0
73	0
74	0
75	0.999999
76	0.720066
77	0.588517
78	0
79	0
80	0.999999
81	0.563994
82	0.724582
83	0.590579
84	0
85	0.48612
86	0.734081
87	0
88	0
89	0.779588
90	0.814798
91	0.525632
92	0
93	0
94	0
95	0.746446
96	0.868674
97	0.477891
98	0.55358
99	0.999999
100	0.899108
101	0.940494
102	0
103	0
104	0
105	0.875196
106	0
107	0.729088
108	0
109	0
110	0.892418
111	0.777659
112	0
113	0.999999
114	0.776733
115	0.871789
116	0
117	0.93786
118	0
119	0
120	0
121	0
122	0
123	0
124	0
125	0
126	0
127	0.934047
128	0.785744
129	0.868248
130	0.999999
131	0.999999
132	0.999999
133	0
134	0.869726
135	0
136	0.720277
137	0
138	0
139	0
140	0
141	0
142	0
143	0.87692
144	0.661186
145	0.541473
146	0.625895
147	0.818615
148	0.689482
149	0.901466
150	0.999999
151	0.678488
152	0.819599
153	0
154	0
155	0.485328
156	0.932005
157	0.999999
158	0.94048
159	0.940909
160	0.93275
161	0.873827
162	0.880506
163	0.656573
164	0.789549
165	0.78936
166	0.825033
167	0.367977
168	0
169	0
170	0
171	0
172	0
173	0
174	0
175	0
176	0
177	0
178	0
179	0
180	0
181	0
182	0
183	0
184	0
185	0
186	0
187	0
188	0
189	0
190	0
191	0
192	0
193	0
194	0
195	0
196	0
197	0
198	0
199	0
200	0
201	0
202	0
203	0
204	0
205	0
206	0
207	0
208	0
209	0
210	0
211	0
212	0
213	0
214	0
215	0
216	0
217	0
218	0
219	0
220	0
221	0
222	0
223	0
224	0
225	0
226	0
227	0
228	0
229	0
230	0
231	0
232	0
233	0
234	0
235	0
236	0
237	0
238	0
239	0
240	0
241	0
242	0
243	0
244	0
245	0
246	0
247	0
248	0
249	0
250	0
251	0
252	0
253	0
254	0
255	0
256	0
257	0
258	0
259	0
260	0
261	0
262	0
263	0
264	0
265	0
266	0
267	0
268	0
269	0
270	0
271	0
272	0
273	0
274	0
275	0
276	0
277	0
278	0
279	0
280	0
281	0
282	0
283	0
284	0
285	0
286	0
287	0
288	0
289	0
290	0
291	0
292	0
293	0
294	0
295	0
296	0
297	0
298	0
299	0
300	0
301	0
302	0
303	0
304	0
305	0
306	0
307	0
308	0
309	0
310	0
311	0
312	0
313	0
314	0
315	0
316	0
317	0
318	0
319	0
320	0
321	0
322	0
323	0
324	0
325	0
326	0
327	0
328	0
329	0
330	0
331	0
332	0
333	0
334	0
335	0
336	0
337	0
338	0
339	0
340	0
341	0
342	0
343	0
344	0
345	0
346	0
347	0
348	0
349	0
350	0
351	0
352	0
353	0
354	0
355	0
356	0
357	0
358	0
359	0
360	0
361	0
362	0
363	0
364	0
365	0
366	0
367	0
368	0
369	0
370	0
371	0
372	0
373	0
374	0
375	0
376	0
377	0
378	0
379	0
380	0
381	0
382	0
383	0
384	0
385	0
386	0
387	0
388	0
389	0
390	0
391	0
392	0
393	0
394	0
395	0
396	0
397	0
398	0
399	0
400	0
401	0
402	0
403	0
404	0
405	0
406	0
407	0
408	0
409	0
410	0
411	0
412	0
413	0
414	0
415	0
416	0
417	0
418	0
419	0
420	0
421	0
422	0
423	0
424	0
425	0
426	0
427	0
428	0
429	0
430	0
431	0
432	0
433	0
434	0
435	0
436	0
437	0
438	0
439	0
440	0
441	0
442	0
443	0
444	0
445	0
446	0
447	0
448	0
449	0
450	0
451	0
452	0
453	0
454	0
455	0
456	0
457	0
458	0
459	0
460	0
461	0
462	0
463	0
464	0
465	0
466	0
467	0
468	0
469	0
470	0
471	0
472	0
