1	0
2	0
3	0
4	0
5	0
6	0
7	0
8	0
9	0
10	0
11	0
12	0
13	0
14	0
15	0
16	0
17	0
18	0
19	0
20	0
21	0
22	0
23	0
24	0
25	0
26	0
27	0
28	0
29	0
30	0
31	0
32	0
33	0
34	0
35	0
36	0
37	0
38	0
39	0
40	0
41	0.871601
42	0.618354
43	0.513147
44	0.372004
45	0.751768
46	0.557039
47	0.779905
48	0.501517
49	0.706291
50	0.715897
51	0.560047
52	0.814316
53	0.552837
54	0.771769
55	0.605239
56	0.554811
57	0.593701
58	0.511181
59	0.570796
60	0.344324
61	0.620912
62	0.835176
63	0.871601
64	0.831684
65	0.707311
66	0.704134
67	0.756707
68	0.739987
69	0.736089
70	0.930993
71	1
72	0
73	0
74	0
75	1
76	1
77	0.802385
78	0
79	0
80	0.930229
81	0.869208
82	0.491517
83	0.78102
84	0.000141193
85	0.639666
86	0.868915
87	0
88	0
89	0.86914
90	0.542509
91	0.429504
92	0
93	0
94	0.000137439
95	0.656117
96	0.929084
97	0.716359
98	0.763432
99	1
100	1
101	0.82643
102	0
103	0
104	0
105	1
106	0
107	0.928176
108	0.633401
109	0.798519
110	0.661329
111	0.887826
112	0
113	1
114	0.595118
115	0.847325
116	0
117	0.670973
118	0
119	0
120	0
121	0
122	0
123	0
124	0
125	0
126	0
127	1
128	0.883491
129	0.80973
130	1
131	0.587104
132	0.798229
133	0
134	0.694575
135	0
136	0.937409
137	1.8403e-05
138	1.8403e-05
139	1.8403e-05
140	1.8403e-05
141	0.632093
142	0.832607
143	0.747396
144	0.598475
145	0.787502
146	0.869138
147	1
148	0.899881
149	0.909284
150	1
151	0.657327
152	0.645657
153	0
154	0
155	0.316181
156	1
157	1
158	0.890093
159	0.625123
160	1
161	0.913008
162	0.662072
163	0.639535
164	0.891141
165	0.95755
166	0.469966
167	0.459363
168	0.434666
169	0.335101
170	0.547389
171	0.371252
172	0.454771
173	0.224252
174	0.25879
175	0.473123
176	0.374573
177	0.645825
178	0.460349
179	0.679107
180	0.610476
181	0.437682
182	0.427251
183	0.312555
184	0.406525
185	0.647216
186	0.332871
187	0.618083
188	0.645111
189	0.730477
190	0.63153
191	0.479611
192	0.423705
193	0.442426
194	0.662388
195	0.633064
196	0.616128
197	0.596855
198	0.520494
199	0.579715
200	0.519266
201	0.246545
202	0.241844
203	0.276011
204	0.32618
205	0.360275
206	0.428867
207	0.289076
208	0.292745
209	0
210	0
211	0
212	0
213	0
214	0
215	0
216	0
217	0
218	0
219	0
220	0
221	0
222	0
223	0
224	0
225	0
226	0
227	0
228	0
229	0
230	0
231	0
232	0
233	0
234	0
235	0
236	0
237	0
238	0
239	0
240	0
241	0
242	0
243	0
244	0
245	0
246	0
247	0
248	0
249	0
250	0
251	0
252	0
253	0
254	0
255	0
256	0
257	0
258	0
259	0
260	0
261	0
262	0
263	0
264	0
265	0
266	0
267	0
268	0
269	0
270	0
271	0
272	0
273	0
274	0
275	0
276	0
277	0
278	0
279	0
280	0
281	0
282	0
283	0
284	0
285	0
286	0
287	0
288	0
289	0
290	0
291	0
292	0
293	0
294	0
295	0
296	0
297	0
298	0
299	0
300	0
301	0
302	0
303	0
304	0
305	0
306	0
307	0
308	0
309	0
310	0
311	0
312	0
313	0
314	0
315	0
316	0
317	0
318	0
319	0
320	0
321	0
322	0
323	0
324	0
325	0
326	0
327	0
328	0
329	0
330	0
331	0
332	0
333	0
334	0
335	0
336	0
337	0
338	0
339	0
340	0
341	0
342	0
343	0
344	0
345	0
346	0
347	0
348	0
349	0
350	0
351	0
352	0
353	0
354	0
355	0
356	0
357	0
358	0
359	0
360	0
361	0
362	0
363	0
364	0
365	0
366	0
367	0
368	0
369	0
370	0
371	0
372	0
373	0
374	0
375	0
376	0
377	0
378	0
379	0
380	0
381	0
382	0
383	0
384	0
385	0
386	0
387	0
388	0
389	0
390	0
391	0
392	0
393	0
394	0
395	0
396	0
397	0
398	0
399	0
400	0
401	0
402	0
403	0
404	0
405	0
406	0
407	0
408	0
409	0
410	0
411	0
412	0
413	0
414	0
415	0
416	0
417	0
418	0
419	0
420	0
421	0
422	0
423	0
424	0
425	0
426	0
427	0
428	0
429	0
430	0
431	0
432	0
433	0
434	0
435	0
436	0
437	0
438	0
439	0
440	0
441	0
442	0
443	0
444	0
445	0
446	0
447	0
448	0
449	0
450	0
451	0
452	0
453	0
454	0
455	0
456	0
457	0
458	0
459	0
460	0
461	0
462	0
463	0
464	0
465	0
466	0
467	0
468	0
469	0
470	0
471	0
472	0
