1	0
2	0
3	0
4	0
5	0
6	0
7	0
8	0
9	0
10	0
11	0
12	0
13	0
14	0
15	0
16	0
17	0
18	0
19	0
20	0
21	0
22	0
23	0
24	0
25	0
26	0
27	0
28	0
29	0
30	0
31	0
32	0
33	0
34	0
35	0
36	0
37	0
38	0
39	0.586455
40	0.228449
41	0.246473
42	0.370756
43	0.33699
44	0.297688
45	0.354858
46	0.266835
47	0.21952
48	0.461866
49	0.473231
50	0.541004
51	0.362218
52	0.30229
53	0.380525
54	0.546126
55	0.468421
56	0.338643
57	0.373692
58	0.374923
59	0.458649
60	0.301007
61	0.506625
62	0.374638
63	0.439671
64	0.662166
65	0.791706
66	0.640098
67	0.665033
68	0.600911
69	0.581307
70	0.413681
71	1
72	0
73	0
74	0
75	1
76	0.782856
77	0.68831
78	0
79	0
80	0.703667
81	0.68729
82	0.589269
83	0.772307
84	0
85	0.316873
86	0.765347
87	0
88	0
89	0.928424
90	0.750513
91	0.403793
92	0
93	0
94	0
95	0.589511
96	0.844774
97	0.459207
98	0.567487
99	0.941486
100	0.649323
101	0.686997
102	0
103	0
104	0
105	0.847228
106	0
107	0.579253
108	0
109	0
110	0.638395
111	0.865832
112	0
113	1
114	0.692668
115	0.627537
116	0
117	0.446048
118	0
119	0
120	0
121	0
122	0
123	0
124	0
125	0
126	0
127	0.861509
128	0.933124
129	0.826914
130	0.826914
131	0.686653
132	0.766312
133	0
134	0.874864
135	0
136	0.697012
137	0
138	0
139	0
140	0
141	0
142	0
143	0.944585
144	0.474371
145	0.771295
146	0.695911
147	1
148	0.656305
149	0.490707
150	0.941156
151	0.683245
152	0.54663
153	0
154	0
155	0.782743
156	0.936332
157	0.943347
158	0.83457
159	0.598182
160	0.867934
161	0.789296
162	0.814679
163	0.590128
164	0.77452
165	0.29238
166	0.43691
167	0.357051
168	0.396269
169	0.486187
170	0.316478
171	0
172	0
173	0
174	0
175	0
176	0
177	0
178	0
179	0
180	0
181	0
182	0
183	0
184	0
185	0
186	0
187	0
188	0
189	0
190	0
191	0
192	0
193	0
194	0
195	0
196	0
197	0
198	0
199	0
200	0
201	0
202	0
203	0
204	0
205	0
206	0
207	0
208	0
209	0
210	0
211	0
212	0
213	0
214	0
215	0
216	0
217	0
218	0
219	0
220	0
221	0
222	0
223	0
224	0
225	0
226	0
227	0
228	0
229	0
230	0
231	0
232	0
233	0
234	0
235	0
236	0
237	0
238	0
239	0
240	0
241	0
242	0
243	0
244	0
245	0
246	0
247	0
248	0
249	0
250	0
251	0
252	0
253	0
254	0
255	0
256	0
257	0
258	0
259	0
260	0
261	0
262	0
263	0
264	0
265	0
266	0
267	0
268	0
269	0
270	0
271	0
272	0
273	0
274	0
275	0
276	0
277	0
278	0
279	0
280	0
281	0
282	0
283	0
284	0
285	0
286	0
287	0
288	0
289	0
290	0
291	0
292	0
293	0
294	0
295	0
296	0
297	0
298	0
299	0
300	0
301	0
302	0
303	0
304	0
305	0
306	0
307	0
308	0
309	0
310	0
311	0
312	0
313	0
314	0
315	0
316	0
317	0
318	0
319	0
320	0
321	0
322	0
323	0
324	0
325	0
326	0
327	0
328	0
329	0
330	0
331	0
332	0
333	0
334	0
335	0
336	0
337	0
338	0
339	0
340	0
341	0
342	0
343	0
344	0
345	0
346	0
347	0
348	0
349	0
350	0
351	0
352	0
353	0
354	0
355	0
356	0
357	0
358	0
359	0
360	0
361	0
362	0
363	0
364	0
365	0
366	0
367	0
368	0
369	0
370	0
371	0
372	0
373	0
374	0
375	0
376	0
377	0
378	0
379	0
380	0
381	0
382	0
383	0
384	0
385	0
386	0
387	0
388	0
389	0
390	0
391	0
392	0
393	0
394	0
395	0
396	0
397	0
398	0
399	0
400	0
401	0
402	0
403	0
404	0
405	0
406	0
407	0
408	0
409	0
410	0
411	0
412	0
413	0
414	0
415	0
416	0
417	0
418	0
419	0
420	0
421	0
422	0
423	0
424	0
425	0
426	0
427	0
428	0
429	0
430	0
431	0
432	0
433	0
434	0
435	0
436	0
437	0
438	0
439	0
440	0
441	0
442	0
443	0
444	0
445	0
446	0
447	0
448	0
449	0
450	0
451	0
452	0
453	0
454	0
455	0
456	0
457	0
458	0
459	0
460	0
461	0
462	0
463	0
464	0
465	0
466	0
467	0
468	0
469	0
470	0
471	0
472	0
