1	0
2	0
3	0
4	0
5	0
6	0
7	0
8	0
9	0
10	0
11	0
12	0
13	0
14	0
15	0
16	0
17	0
18	0
19	0
20	0
21	0
22	0
23	0
24	0
25	0
26	0
27	0
28	0
29	0
30	0
31	0
32	0
33	0
34	0.275674
35	0.242286
36	0.266354
37	0.162768
38	0.225062
39	0.227734
40	0.22165
41	0.256536
42	0.264901
43	0.294883
44	0.285568
45	0.266213
46	0.294099
47	0.207058
48	0.250324
49	0.243866
50	0.285323
51	0.332192
52	0.200659
53	0.197232
54	0.335064
55	0.305785
56	0.255399
57	0.000450378
58	0.000437296
59	0.00179688
60	0.00280601
61	0.00280878
62	0.00430765
63	0.405053
64	0.495618
65	0.372242
66	0.273825
67	0.372478
68	0.342884
69	0.224765
70	0.510858
71	0.520439
72	0.317505
73	0.21451
74	0.224868
75	0.414981
76	0.237253
77	0.256114
78	0
79	0
80	0.393942
81	0.402336
82	0.000130782
83	0.31674
84	0
85	0.275477
86	0.359446
87	0
88	0.000991312
89	0.3355
90	0.318173
91	0.211403
92	0
93	0
94	0
95	0.348672
96	0.448262
97	0.203489
98	0.264323
99	0.45904
100	0.312256
101	0.230298
102	0
103	0
104	0
105	0.4295
106	0
107	0.328966
108	0
109	0
110	0.341002
111	0.473029
112	0
113	0.514874
114	0.353784
115	0.39018
116	0
117	0.241056
118	0.515052
119	0
120	0
121	0
122	0
123	0
124	0
125	0
126	1.73494e-05
127	0.394695
128	0.441195
129	0.663106
130	0.366817
131	0.791051
132	0.477619
133	0
134	0
135	0
136	0.495027
137	0
138	0
139	0
140	0
141	0
142	1.73742e-05
143	0.394741
144	0.591032
145	0.309967
146	0.673531
147	0.889685
148	0.833793
149	0.727782
150	0.766173
151	0.507415
152	0.821866
153	0
154	0
155	0.466699
156	0.937976
157	0.868545
158	0.652028
159	0.600056
160	0.811098
161	0.693545
162	0.415608
163	0.589894
164	0.938448
165	0.832457
166	0.443953
167	0.509267
168	0.729848
169	0.654828
170	0.536131
171	0.318707
172	0.536532
173	0.459712
174	0.617186
175	0.626128
176	0.96155
177	0.707764
178	0.902157
179	0.774957
180	0.879179
181	0.635338
182	0.68926
183	0.790497
184	0.317582
185	0.425671
186	0.312067
187	0.809555
188	0.437033
189	0.570708
190	0.60075
191	0.53832
192	0.545082
193	0.415068
194	0.386566
195	0.503276
196	0.310918
197	0.263231
198	0.275012
199	0.479893
200	0.601434
201	0.371853
202	0.403346
203	0.5475
204	0.696533
205	0.371902
206	0.677348
207	0.624849
208	0.331692
209	0.599692
210	0.475088
211	0.148878
212	0.261241
213	0.23124
214	0.190904
215	0.182486
216	0.300851
217	0.242751
218	0.274936
219	0.410531
220	0.513263
221	0.650139
222	0.486637
223	0.320669
224	0.285811
225	0.442668
226	0.414045
227	0.802539
228	0.703072
229	0.95477
230	0.77366
231	0.370547
232	0.45912
233	0.478742
234	0.336051
235	0.502554
236	0.534987
237	0.523534
238	0.501219
239	0.796486
240	0.356541
241	0.544296
242	0.472446
243	0.374663
244	0.304135
245	0.409418
246	0.362967
247	0.546508
248	0.615589
249	0.416854
250	0.604255
251	0.321847
252	0.562186
253	0.602586
254	0.590828
255	0.558556
256	0.3643
257	0.395387
258	0.429176
259	0.483789
260	0.475555
261	0.353121
262	0.326766
263	0.265375
264	0.497111
265	0.527466
266	0.425495
267	0.546156
268	0.794118
269	0.536686
270	0.383193
271	0.378335
272	0.384092
273	0.447683
274	0.63717
275	0.58817
276	0.53671
277	0.286539
278	0.347046
279	0.443372
280	0.550341
281	0.438688
282	0.506757
283	0.45144
284	0.374257
285	0.312047
286	0.525744
287	0.519916
288	0.350682
289	0.447733
290	0.521382
291	0.61335
292	0.668242
293	0.561827
294	0.570329
295	0.556555
296	0.724351
297	0.478034
298	0.33234
299	0.593518
300	0.639491
301	0.550674
302	0.474326
303	0.429029
304	0.527445
305	0.532993
306	0.364731
307	0.707016
308	0.393061
309	0.574241
310	0.331517
311	0.39963
312	0.477976
313	0.285158
314	0.369336
315	0.367527
316	0.359717
317	0.415668
318	0.424089
319	0.425775
320	0.386122
321	0.42467
322	0.356028
323	0.418321
324	0.293882
325	0.396776
326	0.513435
327	0.445837
328	0.362376
329	0.381325
330	0.347618
331	0.403182
332	0.541668
333	0.451844
334	0.557663
335	0.546126
336	0.446468
337	0.51558
338	0.369715
339	0.74743
340	0.44515
341	0.463119
342	0.606166
343	0.420179
344	0.364361
345	0.512288
346	0.652462
347	0.819003
348	0.590742
349	0.641935
350	0.650225
351	0.267435
352	0.219956
353	0.31423
354	0.61869
355	0.651346
356	0.369327
357	0.46947
358	0.428962
359	0.403425
360	0.372381
361	0.264997
362	0.639149
363	0.361625
364	0.373291
365	0.763233
366	0.492276
367	0.681022
368	0.692219
369	0.510916
370	0.472518
371	0.364266
372	0.566238
373	0.712953
374	0.371781
375	0.749543
376	0.578157
377	0.510231
378	0.527054
379	0.499978
380	0.822684
381	0.666389
382	0.471366
383	0.420306
384	0.759027
385	0.611575
386	0.582074
387	0.564923
388	0.559585
389	0.650173
390	0.435306
391	0.591081
392	0.556565
393	0.810902
394	0.453512
395	0.690374
396	0.833921
397	0.852836
398	0.581703
399	0.932783
400	0.392029
401	0.641015
402	0.673136
403	0.595328
404	0.917447
405	0.684935
406	0.619072
407	0.833373
408	0.759782
409	0.504286
410	0.764692
411	0.844388
412	0.851983
413	0.851983
414	0.919426
415	0.794292
416	0.915078
417	0.914959
418	0.718673
419	0.914622
420	1
421	1
422	0.915114
423	0.921573
424	0.838677
425	1
426	0.763112
427	0.915903
428	0.839203
429	0.830412
430	0.736061
431	0.846193
432	0.878774
433	0.824121
434	0.838818
435	0.83896
436	0.836506
437	1
438	0.838453
439	0.774344
440	0.855335
441	0.840012
442	0.72207
443	0.868751
444	0.809575
445	0.761269
446	0.714489
447	0.660773
448	0.79726
449	0.804824
450	0.802227
451	0.737882
452	0.888297
453	0.969318
454	0.846556
455	0.93669
456	0.790432
457	1
458	0.625682
459	0.774848
460	0.76467
461	0.801164
462	0.83853
463	0.839146
464	0.799812
465	0.915519
466	0.921178
467	1
468	0.868653
469	0.870556
470	0.869298
471	0.868653
472	0.86846
