1	0
2	0
3	0
4	0
5	0
6	0
7	0
8	0
9	0.000187394
10	0.000187394
11	0.000187394
12	0.000187394
13	0.000187394
14	0.000187394
15	0.00121615
16	0.00121735
17	0.00121546
18	0.00129884
19	0.00121499
20	0.00121581
21	0.0036508
22	0.00365061
23	0.0145459
24	0.0157978
25	0.0154552
26	0.015029
27	0.0155391
28	0.0268538
29	0.0614868
30	0.0558595
31	0.0813581
32	0.0878025
33	0.0751964
34	0.0904569
35	0.111948
36	0.0907661
37	0.103363
38	0.130369
39	0.165887
40	0.106866
41	0.12799
42	0.305696
43	0.302177
44	0.366386
45	0.338128
46	0.386657
47	0.471146
48	0.459992
49	0.555669
50	0.665585
51	0.489337
52	0.433937
53	0.388035
54	0.367884
55	0.319093
56	0.328375
57	0.325888
58	0.246932
59	0.317745
60	0.44594
61	0.297795
62	0.443092
63	0.258649
64	0.347736
65	0.302328
66	0.319323
67	0.309896
68	0.383613
69	0.510938
70	0.574398
71	0.999999
72	0
73	0
74	0.202681
75	0.999999
76	0.365678
77	0.409899
78	0
79	0
80	0.367382
81	0.275829
82	0.0362186
83	0.3244
84	0
85	0.24367
86	0.509116
87	0
88	0
89	0.453646
90	0.570175
91	0.481083
92	0
93	0
94	0
95	0.230119
96	0.525624
97	0.338826
98	0.365378
99	0.499176
100	0.363859
101	0.459289
102	0
103	0.00120045
104	0.0011994
105	0.317638
106	0.00016749
107	0.229223
108	0.426626
109	0.522673
110	0.505957
111	0.364491
112	0
113	0.999999
114	0.247917
115	0.273435
116	0
117	0.296218
118	0.00366485
119	0.000185178
120	0.000185178
121	0.000185178
122	0.000185178
123	0.000185178
124	0.000185178
125	0.000185178
126	0.00120017
127	0.590321
128	0.484989
129	0.606948
130	0.508738
131	0.548686
132	0.611066
133	0
134	0.52694
135	0.0168078
136	0.445391
137	0.00018797
138	0.00018797
139	0.00018797
140	0
141	0
142	0
143	0.470894
144	0.277101
145	0.420313
146	0.399567
147	0.999999
148	0.599458
149	0.506735
150	0.640798
151	0.430643
152	0.428502
153	0
154	0
155	0.470918
156	0.255344
157	0.425652
158	0.626775
159	0.518334
160	0.409831
161	0.515813
162	0.465793
163	0.485941
164	0.148941
165	0.519353
166	0.256952
167	0.26621
168	0.158288
169	0.170654
170	0.148693
171	0.119401
172	0.0505286
173	0.0236626
174	0.0145209
175	0.0150807
176	0.0138335
177	0.00794862
178	0.00831161
179	0.00832902
180	0.0079544
181	0.0079542
182	0.00832368
183	0.0038711
184	0.0038711
185	0.00371433
186	0.00371574
187	0.00387236
188	0.00371453
189	0.00387204
190	0.00387089
191	0.00398401
192	0.00398381
193	0.00371861
194	0.00398175
195	0.00387575
196	0.00371876
197	0.00371837
198	0.00121863
199	0.00122011
200	0.00121853
201	0.00016749
202	0.00016749
203	0.00016749
204	0.00016749
205	0.00016749
206	0.00016749
207	0.00016749
208	0.00016749
209	0.00016749
210	0.00016749
211	0.00016749
212	0.00016749
213	0.00016749
214	0.00016749
215	0.00016749
216	0.00016749
217	0.00016749
218	0.00016749
219	0.00016749
220	0.00016749
221	0.00016749
222	0.00016749
223	0.00016749
224	0.00016749
225	0.00016749
226	0.00016749
227	0.00016749
228	0.00016749
229	0.00016749
230	0.00016749
231	0.00016749
232	0.00016749
233	0.00016749
234	0.00016749
235	0.00016749
236	0.00016749
237	0.00016749
238	0.00016749
239	0.00016749
240	0.00016749
241	0.00016749
242	0.00016749
243	0.00016749
244	0.00016749
245	0.00016749
246	0.00016749
247	0.00016749
248	0.00016749
249	0.00016749
250	0.00016749
251	0.00016749
252	0.00016749
253	0.00016749
254	0.00016749
255	0.00016749
256	0.00016749
257	0.00016749
258	0.00016749
259	0.00016749
260	0.00016749
261	0.00016749
262	0.00016749
263	0.00016749
264	0.00016749
265	0.00016749
266	0.00016749
267	0.00016749
268	0.00016749
269	0.00016749
270	0.00016749
271	0.00016749
272	0.00016749
273	0.00016749
274	0.00016749
275	0.00016749
276	0.00016749
277	0.00016749
278	0.00016749
279	0.00016749
280	0.00016749
281	0.00016749
282	0.00016749
283	0.00016749
284	0.00016749
285	0.00016749
286	0.00016749
287	0.00016749
288	0.00016749
289	0.00016749
290	0.00016749
291	0.00016749
292	0.00016749
293	0.00016749
294	0.00016749
295	0.00016749
296	0.00016749
297	0.00016749
298	0.00016749
299	0.00016749
300	0.00016749
301	0.00016749
302	0.00016749
303	0.00016749
304	0.00016749
305	0.00016749
306	0.00016749
307	0.00016749
308	0.00016749
309	0.00016749
310	0.00016749
311	0.00016749
312	0.00016749
313	0.00016749
314	0.00016749
315	0.00016749
316	0.00016749
317	0.00016749
318	0.00016749
319	0.00016749
320	0.00016749
321	0.00016749
322	0
323	0
324	0
325	0
326	0
327	0
328	0
329	0
330	0
331	0
332	0
333	0
334	0
335	0
336	0
337	0
338	0
339	0
340	0
341	0
342	0
343	0
344	0
345	0
346	0
347	0
348	0
349	0
350	0
351	0
352	0
353	0
354	0
355	0
356	0
357	0
358	0
359	0
360	0
361	0
362	0
363	0
364	0
365	0
366	0
367	0
368	0
369	0
370	0
371	0
372	0
373	0
374	0
375	0
376	0
377	0
378	0
379	0
380	0
381	0
382	0
383	0
384	0
385	0
386	0
387	0
388	0
389	0
390	0
391	0
392	0
393	0
394	0
395	0
396	0
397	0
398	0
399	0
400	0
401	0
402	0
403	0
404	0
405	0
406	0
407	0
408	0
409	0
410	0
411	0
412	0
413	0
414	0
415	0
416	0
417	0
418	0
419	0
420	0
421	0
422	0
423	0
424	0
425	0
426	0
427	0
428	0
429	0
430	0
431	0
432	0
433	0
434	0
435	0
436	0
437	0
438	0
439	0
440	0
441	0
442	0
443	0
444	0
445	0
446	0
447	0
448	0
449	0
450	0
451	0
452	0
453	0
454	0
455	0
456	0
457	0
458	0
459	0
460	0
461	0
462	0
463	0
464	0
465	0
466	0
467	0
468	0
469	0
470	0
471	0
472	0
