1	0
2	0
3	0
4	0
5	0
6	0
7	0
8	0
9	0.66034
10	0.391148
11	0.442237
12	0.434333
13	0.341946
14	0.327415
15	0.412939
16	0.495454
17	0.446611
18	0.403981
19	0.458587
20	0.371944
21	0.415444
22	0.487033
23	0.442745
24	0.398626
25	0.66448
26	0.360498
27	0.619158
28	1
29	0.701627
30	0.626292
31	0.813458
32	0.765787
33	0.833539
34	0.913346
35	0.850582
36	0.871801
37	0.886271
38	0.876137
39	0.678262
40	0.387747
41	0.82201
42	0.513387
43	0.63849
44	0.450809
45	0.627824
46	0.302117
47	0.876749
48	0.332243
49	0.362259
50	0.38895
51	0.205362
52	0.256893
53	0.340708
54	0.134079
55	0.0836665
56	0.161864
57	0.258902
58	0.128289
59	0.252955
60	0.324387
61	0.311748
62	0.320093
63	0.228438
64	0.308671
65	0.401636
66	0.474697
67	0.545728
68	0.939621
69	0.938467
70	0.875741
71	1
72	0
73	0
74	0.526791
75	1
76	0.492995
77	0.837249
78	0
79	0
80	0.764739
81	0.589985
82	0
83	0.870239
84	0
85	0.737569
86	0.779172
87	0
88	0
89	0.741885
90	0.746212
91	0.561938
92	0
93	0
94	0
95	0.575834
96	0.92803
97	0.583029
98	0.557716
99	0.793617
100	0.75674
101	0.801289
102	0
103	0
104	0
105	0.640678
106	0
107	0.517013
108	0.609088
109	0.856801
110	0.402226
111	0.926167
112	0
113	0.925816
114	0.480335
115	0.463734
116	0
117	0.708744
118	0
119	0
120	0
121	0
122	0
123	0
124	0
125	0
126	5.9444e-05
127	0.880934
128	0.820071
129	0.948221
130	0.872627
131	0.734915
132	0.935116
133	5.94626e-05
134	0.816356
135	0
136	0.67779
137	0
138	0
139	0
140	0
141	0
142	0
143	0.864188
144	0.651408
145	0.723897
146	0.663823
147	0.828078
148	0.925859
149	0.833581
150	0.933685
151	0.723059
152	0.888453
153	0
154	0
155	0.889268
156	0.453485
157	0.690741
158	0.765035
159	0.64236
160	0.625154
161	0.686141
162	0.664242
163	0.765407
164	0.528515
165	0.717103
166	0.525732
167	0.505247
168	0.447878
169	0.358546
170	0.473299
171	0.348386
172	0.357884
173	0
174	0
175	0
176	0
177	0
178	0
179	0
180	0
181	0
182	0
183	0
184	0
185	0
186	0
187	0
188	0
189	0
190	0
191	0
192	0
193	0
194	0
195	0
196	0
197	0
198	0
199	0
200	0
201	0
202	0
203	0
204	0
205	0
206	0
207	0
208	0
209	0
210	0
211	0
212	0
213	0
214	0
215	0
216	0
217	0
218	0
219	0
220	0
221	0
222	0
223	0
224	0
225	0
226	0
227	0
228	0
229	0
230	0
231	0
232	0
233	0
234	0
235	0
236	0
237	0
238	0
239	0
240	0
241	0
242	0
243	0
244	0
245	0
246	0
247	0
248	0
249	0
250	0
251	0
252	0
253	0
254	0
255	0
256	0
257	0
258	0
259	0
260	0
261	0
262	0
263	0
264	0
265	0
266	0
267	0
268	0
269	0
270	0
271	0
272	0
273	0
274	0
275	0
276	0
277	0
278	0
279	0
280	0
281	0
282	0
283	0
284	0
285	0
286	0
287	0
288	0
289	0
290	0
291	0
292	0
293	0
294	0
295	0
296	0
297	0
298	0
299	0
300	0
301	0
302	0
303	0
304	0
305	0
306	0
307	0
308	0
309	0
310	0
311	0
312	0
313	0
314	0
315	0
316	0
317	0
318	0
319	0
320	0
321	0
322	0
323	0
324	0
325	0
326	0
327	0
328	0
329	0
330	0
331	0
332	0
333	0
334	0
335	0
336	0
337	0
338	0
339	0
340	0
341	0
342	0
343	0
344	0
345	0
346	0
347	0
348	0
349	0
350	0
351	0
352	0
353	0
354	0
355	0
356	0
357	0
358	0
359	0
360	0
361	0
362	0
363	0
364	0
365	0
366	0
367	0
368	0
369	0
370	0
371	0
372	0
373	0
374	0
375	0
376	0
377	0
378	0
379	0
380	0
381	0
382	0
383	0
384	0
385	0
386	0
387	0
388	0
389	0
390	0
391	0
392	0
393	0
394	0
395	0
396	0
397	0
398	0
399	0
400	0
401	0
402	0
403	0
404	0
405	0
406	0
407	0
408	0
409	0
410	0
411	0
412	0
413	0
414	0
415	0
416	0
417	0
418	0
419	0
420	0
421	0
422	0
423	0
424	0
425	0
426	0
427	0
428	0
429	0
430	0
431	0
432	0
433	0
434	0
435	0
436	0
437	0
438	0
439	0
440	0
441	0
442	0
443	0
444	0
445	0
446	0
447	0
448	0
449	0
450	0
451	0
452	0
453	0
454	0
455	0
456	0
457	0
458	0
459	0
460	0
461	0
462	0
463	0
464	0
465	0
466	0
467	0
468	0
469	0
470	0
471	0
472	0
