1	0
2	0
3	0
4	0
5	0
6	0
7	0
8	0
9	0
10	0
11	0
12	0
13	0
14	0
15	0
16	0
17	0
18	0
19	0
20	0
21	0
22	0
23	0
24	0
25	0
26	0
27	0
28	0
29	0
30	0
31	0
32	0
33	0
34	0
35	0
36	0
37	0
38	0
39	0.763944
40	0.499227
41	0.446628
42	0.380746
43	0.341738
44	0.520558
45	0.547227
46	0.724986
47	0.65423
48	0.684617
49	0.381395
50	0.726873
51	0.680894
52	0.491951
53	0.402819
54	0.564538
55	0.688628
56	0.589865
57	0.742217
58	0.575029
59	0.563237
60	0.821497
61	0.700777
62	0.999998
63	0.999998
64	0.59113
65	0.514555
66	0.709296
67	0.905196
68	0.719277
69	0.808984
70	0.761581
71	0.999998
72	0
73	0
74	0.610007
75	0.999998
76	0.424857
77	0.557259
78	0
79	0
80	0.479565
81	0.604313
82	0.534021
83	0.298253
84	0
85	0.377095
86	0.65218
87	0
88	0
89	0.679597
90	0.39805
91	0.457882
92	0
93	0
94	0
95	0.345929
96	0.901678
97	0.499022
98	0.662849
99	0.685599
100	0.742294
101	0.70376
102	0
103	0
104	0
105	0.394928
106	0
107	0.907636
108	0.642806
109	0.944024
110	0.762102
111	0.948811
112	0
113	0.999998
114	0.871462
115	0.5112
116	0
117	0.431624
118	0
119	0
120	0
121	0
122	0
123	0
124	0
125	0
126	0
127	0.95656
128	0.759893
129	0.717363
130	0.506048
131	0.623051
132	0.440439
133	0
134	0.747365
135	0
136	0.548502
137	0
138	0
139	0
140	0
141	0
142	0
143	0.708609
144	0.437184
145	0.452033
146	0.656684
147	0.865296
148	0.592458
149	0.571247
150	0.824772
151	0.383396
152	0.532621
153	0
154	0
155	0.440554
156	0.746818
157	0.452947
158	0.584534
159	0.490812
160	0.50643
161	0.383783
162	0.000185764
163	0.387347
164	0.172707
165	0.334851
166	0.627651
167	0.359562
168	0.289834
169	0.336413
170	0.605935
171	0.654312
172	0.269755
173	0.512533
174	0.428864
175	0.663979
176	0.480808
177	0.28805
178	0.462211
179	0.396784
180	0.274811
181	0.275131
182	0.200169
183	0
184	0
185	0
186	0
187	0
188	0
189	0
190	0
191	0
192	0
193	0
194	0
195	0
196	0
197	0
198	0
199	0
200	0
201	0
202	0
203	0
204	0
205	0
206	0
207	0
208	0
209	0
210	0
211	0
212	0
213	0
214	0
215	0
216	0
217	0
218	0
219	0
220	0
221	0
222	0
223	0
224	0
225	0
226	0
227	0
228	0
229	0
230	0
231	0
232	0
233	0
234	0
235	0
236	0
237	0
238	0
239	0
240	0
241	0
242	0
243	0
244	0
245	0
246	0
247	0
248	0
249	0
250	0
251	0
252	0
253	0
254	0
255	0
256	0
257	0
258	0
259	0
260	0
261	0
262	0
263	0
264	0
265	0
266	0
267	0
268	0
269	0
270	0
271	0
272	0
273	0
274	0
275	0
276	0
277	0
278	0
279	0
280	0
281	0
282	0
283	0
284	0
285	0
286	0
287	0
288	0
289	0
290	0
291	0
292	0
293	0
294	0
295	0
296	0
297	0
298	0
299	0
300	0
301	0
302	0
303	0
304	0
305	0
306	0
307	0
308	0
309	0
310	0
311	0
312	0
313	0
314	0
315	0
316	0
317	0
318	0
319	0
320	0
321	0
322	0
323	0
324	0
325	0
326	0
327	0
328	0
329	0
330	0
331	0
332	0
333	0
334	0
335	0
336	0
337	0
338	0
339	0
340	0
341	0
342	0
343	0
344	0
345	0
346	0
347	0
348	0
349	0
350	0
351	0
352	0
353	0
354	0
355	0
356	0
357	0
358	0
359	0
360	0
361	0
362	0
363	0
364	0
365	0
366	0
367	0
368	0
369	0
370	0
371	0
372	0
373	0
374	0
375	0
376	0
377	0
378	0
379	0
380	0
381	0
382	0
383	0
384	0
385	0
386	0
387	0
388	0
389	0
390	0
391	0
392	0
393	0
394	0
395	0
396	0
397	0
398	0
399	0
400	0
401	0
402	0
403	0
404	0
405	0
406	0
407	0
408	0
409	0
410	0
411	0
412	0
413	0
414	0
415	0
416	0
417	0
418	0
419	0
420	0
421	0
422	0
423	0
424	0
425	0
426	0
427	0
428	0
429	0
430	0
431	0
432	0
433	0
434	0
435	0
436	0
437	0
438	0
439	0
440	0
441	0
442	0
443	0
444	0
445	0
446	0
447	0
448	0
449	0
450	0
451	0
452	0
453	0
454	0
455	0
456	0
457	0
458	0
459	0
460	0
461	0
462	0
463	0
464	0
465	0
466	0
467	0
468	0
469	0
470	0
471	0
472	0
