1	0
2	0
3	0
4	0
5	0
6	0
7	0
8	0
9	0
10	0
11	0
12	0
13	0
14	0
15	0.0543722
16	0.0735484
17	0.0971769
18	0.0759507
19	0.0961596
20	0.100243
21	0.089911
22	0.0899015
23	0.0605576
24	0.0665343
25	0.0578203
26	0.0659651
27	0.0605553
28	0.0641066
29	0.0630996
30	0.0586821
31	0.0623121
32	0.125756
33	0.135104
34	0.550107
35	0.198363
36	0.274149
37	0.186331
38	0.293747
39	0.329369
40	0.270654
41	0.263765
42	0.249309
43	0.154779
44	0.0717216
45	0.014957
46	0.0990554
47	0.280612
48	0.263189
49	0.533019
50	0.675911
51	0.592495
52	0.526338
53	0.527474
54	0.385732
55	0.216121
56	0.656995
57	0.470209
58	0.372191
59	0.662115
60	0.937338
61	0.568165
62	0.897507
63	1
64	0.912576
65	1
66	0.911882
67	0.563378
68	0.62153
69	1
70	0.889092
71	1
72	0
73	0
74	0.573174
75	1
76	0.527846
77	0.315246
78	0
79	0
80	0.368311
81	0.713227
82	0.657323
83	0.687863
84	0
85	0.336803
86	0.583829
87	0
88	0
89	0.677798
90	0.496121
91	0.359033
92	0
93	0
94	0
95	0.249532
96	0.27887
97	0.245691
98	0.53244
99	0.393874
100	0.777077
101	0.626557
102	0
103	0.903935
104	0.947833
105	0.570362
106	0.945505
107	0.646317
108	0.459147
109	0.897832
110	0.486005
111	0.585909
112	0
113	1
114	0.322594
115	0.349443
116	0
117	0.836989
118	0.63354
119	0
120	0
121	0
122	0
123	0
124	0
125	0
126	0.833758
127	0.833758
128	0.583536
129	0.734724
130	0.347416
131	0.458144
132	0.452509
133	3.87768e-05
134	3.87768e-05
135	3.87768e-05
136	3.87768e-05
137	0
138	0
139	0
140	0
141	0
142	0
143	0
144	0
145	0.641227
146	0.833758
147	0.833758
148	0.833758
149	0.762611
150	0.545007
151	0.426268
152	0.645996
153	0
154	0
155	0.455994
156	0.749061
157	0.833758
158	0.382435
159	0.648957
160	0.785586
161	0.51716
162	0.497524
163	0.833758
164	0.623704
165	0.62408
166	0.358492
167	0.456525
168	0.799746
169	1
170	0.947632
171	0.588335
172	0.511999
173	0.379091
174	0.356468
175	0.414109
176	0.456568
177	0.379956
178	0.544083
179	0.549053
180	0.739682
181	0.428161
182	0.698919
183	0.424781
184	0.503984
185	0.498213
186	0.314172
187	0.68695
188	0.577195
189	0.569715
190	0.508378
191	0.736098
192	0.595269
193	0.514801
194	0.656846
195	0.785737
196	0.419992
197	0.728172
198	0.752321
199	0.517706
200	0.548975
201	0.347402
202	0.310805
203	0.77331
204	0.5991
205	0.670169
206	0.784014
207	0.410658
208	0.517026
209	0.402371
210	0.563901
211	0.484685
212	0.625122
213	0.793109
214	0.681074
215	0.88628
216	0.848747
217	0.441023
218	0.800077
219	0.572329
220	0.518541
221	0.608093
222	0.328422
223	0.662351
224	0.415171
225	0.361098
226	0.561011
227	0.498527
228	0.541817
229	0.465384
230	0.43304
231	0.58512
232	0.453258
233	0.476753
234	0.378741
235	0.587051
236	0.865421
237	0.688736
238	0.776302
239	0.65171
240	0.316478
241	0.655344
242	0.352239
243	0.630817
244	0.609191
245	0.554733
246	0.84748
247	0.410717
248	0.591732
249	0.421154
250	0.406563
251	0.670886
252	0.817403
253	0.585633
254	0.681542
255	0.542644
256	0.626104
257	0.711813
258	0.906391
259	0.514603
260	0.685868
261	0.619526
262	0.449712
263	0.39429
264	0.791137
265	0.651592
266	0.48593
267	0.700181
268	0.597386
269	0.551139
270	0.570172
271	0.834398
272	0.526188
273	0.893136
274	0.786839
275	1
276	0.832653
277	0.797221
278	1
279	1
280	0.694722
281	0.899924
282	0.623679
283	0.905744
284	0.602673
285	1
286	0.731594
287	0.601214
288	0.619016
289	0.854957
290	0.531667
291	0.865171
292	0.842678
293	0.777335
294	0.875122
295	0.788442
296	0.772758
297	0.822757
298	0.340079
299	0.245574
300	0.500732
301	0.459716
302	0.469644
303	0.634848
304	0.395137
305	0.622968
306	0.652915
307	0.415573
308	0.481475
309	0.321528
310	0.258985
311	0.220613
312	0.393462
313	0.234249
314	0.292888
315	0.367263
316	0.347946
317	0.258103
318	0.273984
319	0.224073
320	0.172796
321	0.147786
322	0
323	0
324	0
325	0
326	0
327	0
328	0
329	0
330	0
331	0
332	0
333	0
334	0
335	0
336	0
337	0
338	0
339	0
340	0
341	0
342	0
343	0
344	0
345	0
346	0
347	0
348	0
349	0
350	0
351	0
352	0
353	0
354	0
355	0
356	0
357	0
358	0
359	0
360	0
361	0
362	0
363	0
364	0
365	0
366	0
367	0
368	0
369	0
370	0
371	0
372	0
373	0
374	0
375	0
376	0
377	0
378	0
379	0
380	0
381	0
382	0
383	0
384	0
385	0
386	0
387	0
388	0
389	0
390	0
391	0
392	0
393	0
394	0
395	0
396	0
397	0
398	0
399	0
400	0
401	0
402	0
403	0
404	0
405	0
406	0
407	0
408	0
409	0
410	0
411	0
412	0
413	0
414	0
415	0
416	0
417	0
418	0
419	0
420	0
421	0
422	0
423	0
424	0
425	0
426	0
427	0
428	0
429	0
430	0
431	0
432	0
433	0
434	0
435	0
436	0
437	0
438	0
439	0
440	0
441	0
442	0
443	0
444	0
445	0
446	0
447	0
448	0
449	0
450	0
451	0
452	0
453	0
454	0
455	0
456	0
457	0
458	0
459	0
460	0
461	0
462	0
463	0
464	0
465	0
466	0
467	0
468	0
469	0
470	0
471	0
472	0
