1	1.19219e-05
2	1.19219e-05
3	1.19219e-05
4	1.19219e-05
5	1.19219e-05
6	1.19219e-05
7	1.19219e-05
8	1.19219e-05
9	9.11386e-05
10	9.10452e-05
11	9.27389e-05
12	9.10765e-05
13	9.27389e-05
14	9.1041e-05
15	0.0002662
16	0.000261401
17	0.000261024
18	0.000269662
19	0.000592463
20	0.000592891
21	0.00182054
22	0.00182082
23	0.0041553
24	0.00417955
25	0.0040304
26	0.00406475
27	0.00434642
28	0.00576136
29	0.0122194
30	0.00992511
31	0.0151068
32	0.0150582
33	0.0146701
34	0.0151042
35	0.0215633
36	0.0238154
37	0.0252171
38	0.100832
39	0.124386
40	0.1186
41	0.130668
42	0.246487
43	0.21884
44	0.353609
45	0.372241
46	0.3158
47	0.525378
48	0.376001
49	0.541058
50	0.484257
51	0.361428
52	0.396136
53	0.315047
54	0.378104
55	0.21354
56	0.237656
57	0.270279
58	0.130518
59	0.305448
60	0.290252
61	0.287029
62	0.260737
63	0.150649
64	0.216083
65	0.177446
66	0.219935
67	0.231803
68	0.282073
69	0.23938
70	0.281736
71	0.999999
72	0
73	0
74	0.0270128
75	0.999999
76	0.309233
77	0.291408
78	0
79	0
80	0.353816
81	0.285272
82	0.114473
83	0.291296
84	1.21596e-05
85	0.22265
86	0.542047
87	1.20409e-05
88	1.20409e-05
89	0.52605
90	0.300516
91	0.368686
92	1.21191e-05
93	1.21191e-05
94	1.21191e-05
95	0.210052
96	0.49486
97	0.220811
98	0.3265
99	0.385746
100	0.288599
101	0.220757
102	1.18678e-05
103	0.000267987
104	0.000256661
105	0.280184
106	8.08743e-05
107	0.226219
108	0.123464
109	0.0586113
110	0.305142
111	0.179593
112	0
113	0.999999
114	0.315015
115	0.284307
116	0
117	0.261274
118	0.000262374
119	1.19358e-05
120	1.19358e-05
121	1.19358e-05
122	1.19358e-05
123	1.19358e-05
124	1.19358e-05
125	1.19358e-05
126	8.14614e-05
127	0.454606
128	0.51262
129	0.646695
130	0.525816
131	0.307
132	0.506947
133	0
134	0.488347
135	0.00213193
136	0.32217
137	1.20948e-05
138	1.20948e-05
139	1.20948e-05
140	0
141	1.20396e-05
142	1.20396e-05
143	0.39515
144	0.379497
145	0.421691
146	0.478013
147	0.999999
148	0.444523
149	0.459901
150	0.731673
151	0.3528
152	0.299994
153	0
154	0
155	0.353047
156	0.415147
157	0.665736
158	0.635489
159	0.364516
160	0.30804
161	0.536844
162	0.417104
163	0.255507
164	0.430197
165	0.364495
166	0.255853
167	0.212815
168	0.0952003
169	0.0925184
170	0.0985307
171	0.0662164
172	0.0552654
173	0.0371335
174	0.0134192
175	0.0125713
176	0.0107296
177	0.00908298
178	0.00909996
179	0.00917614
180	0.00875979
181	0.00895504
182	0.00928709
183	0.00567835
184	0.00535995
185	0.00403498
186	0.00405511
187	0.00388846
188	0.00412371
189	0.00398927
190	0.00401403
191	0.0040375
192	0.00413475
193	0.00398994
194	0.00284
195	0.00188428
196	0.00178442
197	0.00187244
198	0.00108491
199	0.00115519
200	0.00108526
201	0.000582176
202	0.000582007
203	0.000581862
204	0.000259291
205	0.000259304
206	0.000259336
207	0.000259147
208	0.000259208
209	8.09591e-05
210	8.44135e-05
211	8.09395e-05
212	8.0895e-05
213	8.09811e-05
214	8.09507e-05
215	8.10208e-05
216	8.0884e-05
217	8.0895e-05
218	8.08994e-05
219	8.10208e-05
220	8.09536e-05
221	8.09205e-05
222	8.09507e-05
223	8.44135e-05
224	8.09591e-05
225	1.08194e-05
226	1.08194e-05
227	1.08194e-05
228	1.08194e-05
229	1.08194e-05
230	1.08194e-05
231	1.08194e-05
232	1.08194e-05
233	1.08194e-05
234	1.08194e-05
235	1.08194e-05
236	1.08194e-05
237	1.08194e-05
238	1.08194e-05
239	1.08194e-05
240	1.08194e-05
241	1.08194e-05
242	1.08194e-05
243	1.08194e-05
244	1.08194e-05
245	1.08194e-05
246	1.08194e-05
247	1.08194e-05
248	1.08194e-05
249	1.08194e-05
250	1.08194e-05
251	1.08194e-05
252	1.08194e-05
253	1.08194e-05
254	1.08194e-05
255	1.08194e-05
256	1.08194e-05
257	1.08194e-05
258	1.08194e-05
259	1.08194e-05
260	1.08194e-05
261	1.08194e-05
262	1.08194e-05
263	1.08194e-05
264	1.08194e-05
265	1.08194e-05
266	1.08194e-05
267	1.08194e-05
268	1.08194e-05
269	1.08194e-05
270	1.08194e-05
271	1.08194e-05
272	1.08194e-05
273	1.08194e-05
274	1.08194e-05
275	1.08194e-05
276	1.08194e-05
277	1.08194e-05
278	1.08194e-05
279	1.08194e-05
280	1.08194e-05
281	1.08194e-05
282	1.08194e-05
283	1.08194e-05
284	1.08194e-05
285	1.08194e-05
286	1.08194e-05
287	1.08194e-05
288	1.08194e-05
289	1.08194e-05
290	1.08194e-05
291	1.08194e-05
292	1.08194e-05
293	1.08194e-05
294	1.08194e-05
295	1.08194e-05
296	1.08194e-05
297	1.08194e-05
298	1.08194e-05
299	1.08194e-05
300	1.08194e-05
301	1.08194e-05
302	1.08194e-05
303	1.08194e-05
304	1.08194e-05
305	1.08194e-05
306	1.08194e-05
307	1.08194e-05
308	1.08194e-05
309	1.08194e-05
310	1.08194e-05
311	1.08194e-05
312	1.08194e-05
313	1.08194e-05
314	1.08194e-05
315	1.08194e-05
316	1.08194e-05
317	1.08194e-05
318	1.08194e-05
319	1.08194e-05
320	1.08194e-05
321	1.08194e-05
322	0
323	0
324	0
325	0
326	0
327	0
328	0
329	0
330	0
331	0
332	0
333	0
334	0
335	0
336	0
337	0
338	0
339	0
340	0
341	0
342	0
343	0
344	0
345	0
346	0
347	0
348	0
349	0
350	0
351	0
352	0
353	0
354	0
355	0
356	0
357	0
358	0
359	0
360	0
361	0
362	0
363	0
364	0
365	0
366	0
367	0
368	0
369	0
370	0
371	0
372	0
373	0
374	0
375	0
376	0
377	0
378	0
379	0
380	0
381	0
382	0
383	0
384	0
385	0
386	0
387	0
388	0
389	0
390	0
391	0
392	0
393	0
394	0
395	0
396	0
397	0
398	0
399	0
400	0
401	0
402	0
403	0
404	0
405	0
406	0
407	0
408	0
409	0
410	0
411	0
412	0
413	0
414	0
415	0
416	0
417	0
418	0
419	0
420	0
421	0
422	0
423	0
424	0
425	0
426	0
427	0
428	0
429	0
430	0
431	0
432	0
433	0
434	0
435	0
436	0
437	0
438	0
439	0
440	0
441	0
442	0
443	0
444	0
445	0
446	0
447	0
448	0
449	0
450	0
451	0
452	0
453	0
454	0
455	0
456	0
457	0
458	0
459	0
460	0
461	0
462	0
463	0
464	0
465	0
466	0
467	0
468	0
469	0
470	0
471	0
472	0
