1	1.19231e-05
2	1.19231e-05
3	1.19231e-05
4	1.19231e-05
5	1.19231e-05
6	1.19231e-05
7	1.19231e-05
8	1.19231e-05
9	9.11492e-05
10	9.10558e-05
11	9.27477e-05
12	9.10871e-05
13	9.27477e-05
14	9.10516e-05
15	0.000266226
16	0.000261433
17	0.000261056
18	0.000269693
19	0.000592516
20	0.000592944
21	0.00182076
22	0.00182105
23	0.00415584
24	0.00418008
25	0.00403101
26	0.0040654
27	0.00434685
28	0.00576203
29	0.0122206
30	0.0099265
31	0.0151079
32	0.0150593
33	0.0146712
34	0.0151054
35	0.0215642
36	0.023815
37	0.0252174
38	0.0903485
39	0.115295
40	0.118386
41	0.128307
42	0.241712
43	0.219947
44	0.34769
45	0.365251
46	0.336797
47	0.525312
48	0.364407
49	0.54119
50	0.497531
51	0.366669
52	0.391283
53	0.315013
54	0.376206
55	0.213816
56	0.233187
57	0.268479
58	0.128351
59	0.295334
60	0.291315
61	0.293003
62	0.260118
63	0.150417
64	0.215214
65	0.171472
66	0.226871
67	0.23258
68	0.281581
69	0.272478
70	0.317323
71	0.999999
72	0
73	0
74	0.0270179
75	0.999999
76	0.309133
77	0.291311
78	0
79	0
80	0.353875
81	0.285373
82	0.114467
83	0.291306
84	1.21601e-05
85	0.222654
86	0.541999
87	1.20402e-05
88	1.20402e-05
89	0.525833
90	0.300445
91	0.36867
92	1.21187e-05
93	1.21187e-05
94	1.21187e-05
95	0.210046
96	0.49483
97	0.220809
98	0.326494
99	0.385722
100	0.288531
101	0.220757
102	1.18677e-05
103	0.000267981
104	0.000256655
105	0.280184
106	8.08736e-05
107	0.226273
108	0.123486
109	0.0586049
110	0.305122
111	0.179613
112	0
113	0.999999
114	0.314989
115	0.284318
116	0
117	0.26116
118	0.000262363
119	1.19356e-05
120	1.19356e-05
121	1.19356e-05
122	1.19356e-05
123	1.19356e-05
124	1.19356e-05
125	1.19356e-05
126	8.14597e-05
127	0.454598
128	0.512582
129	0.646719
130	0.525873
131	0.307034
132	0.50698
133	0
134	0.488323
135	0.00213181
136	0.322165
137	1.20945e-05
138	1.20945e-05
139	1.20945e-05
140	0
141	1.20406e-05
142	1.20406e-05
143	0.395156
144	0.37953
145	0.421916
146	0.478117
147	0.999999
148	0.444525
149	0.459837
150	0.731615
151	0.352742
152	0.299929
153	0
154	0
155	0.352994
156	0.415064
157	0.665708
158	0.635399
159	0.364468
160	0.308092
161	0.536781
162	0.41709
163	0.255601
164	0.430267
165	0.364439
166	0.255862
167	0.212808
168	0.0951691
169	0.0925463
170	0.0985561
171	0.0662225
172	0.0552764
173	0.0371321
174	0.0134227
175	0.012576
176	0.010732
177	0.0090846
178	0.00910141
179	0.0091777
180	0.0087618
181	0.00895687
182	0.00928891
183	0.00567814
184	0.00535977
185	0.004035
186	0.00405488
187	0.00388845
188	0.00412364
189	0.00398912
190	0.004014
191	0.00403752
192	0.00413472
193	0.00398985
194	0.00284001
195	0.00188445
196	0.00178452
197	0.00187244
198	0.00108496
199	0.00115522
200	0.00108531
201	0.000582191
202	0.000582022
203	0.000581876
204	0.000259315
205	0.000259327
206	0.00025936
207	0.000259171
208	0.000259231
209	8.09585e-05
210	8.4413e-05
211	8.09388e-05
212	8.08943e-05
213	8.09804e-05
214	8.095e-05
215	8.10201e-05
216	8.08833e-05
217	8.08943e-05
218	8.08987e-05
219	8.10201e-05
220	8.09529e-05
221	8.09198e-05
222	8.095e-05
223	8.4413e-05
224	8.09585e-05
225	1.08193e-05
226	1.08193e-05
227	1.08193e-05
228	1.08193e-05
229	1.08193e-05
230	1.08193e-05
231	1.08193e-05
232	1.08193e-05
233	1.08193e-05
234	1.08193e-05
235	1.08193e-05
236	1.08193e-05
237	1.08193e-05
238	1.08193e-05
239	1.08193e-05
240	1.08193e-05
241	1.08193e-05
242	1.08193e-05
243	1.08193e-05
244	1.08193e-05
245	1.08193e-05
246	1.08193e-05
247	1.08193e-05
248	1.08193e-05
249	1.08193e-05
250	1.08193e-05
251	1.08193e-05
252	1.08193e-05
253	1.08193e-05
254	1.08193e-05
255	1.08193e-05
256	1.08193e-05
257	1.08193e-05
258	1.08193e-05
259	1.08193e-05
260	1.08193e-05
261	1.08193e-05
262	1.08193e-05
263	1.08193e-05
264	1.08193e-05
265	1.08193e-05
266	1.08193e-05
267	1.08193e-05
268	1.08193e-05
269	1.08193e-05
270	1.08193e-05
271	1.08193e-05
272	1.08193e-05
273	1.08193e-05
274	1.08193e-05
275	1.08193e-05
276	1.08193e-05
277	1.08193e-05
278	1.08193e-05
279	1.08193e-05
280	1.08193e-05
281	1.08193e-05
282	1.08193e-05
283	1.08193e-05
284	1.08193e-05
285	1.08193e-05
286	1.08193e-05
287	1.08193e-05
288	1.08193e-05
289	1.08193e-05
290	1.08193e-05
291	1.08193e-05
292	1.08193e-05
293	1.08193e-05
294	1.08193e-05
295	1.08193e-05
296	1.08193e-05
297	1.08193e-05
298	1.08193e-05
299	1.08193e-05
300	1.08193e-05
301	1.08193e-05
302	1.08193e-05
303	1.08193e-05
304	1.08193e-05
305	1.08193e-05
306	1.08193e-05
307	1.08193e-05
308	1.08193e-05
309	1.08193e-05
310	1.08193e-05
311	1.08193e-05
312	1.08193e-05
313	1.08193e-05
314	1.08193e-05
315	1.08193e-05
316	1.08193e-05
317	1.08193e-05
318	1.08193e-05
319	1.08193e-05
320	1.08193e-05
321	1.08193e-05
322	0
323	0
324	0
325	0
326	0
327	0
328	0
329	0
330	0
331	0
332	0
333	0
334	0
335	0
336	0
337	0
338	0
339	0
340	0
341	0
342	0
343	0
344	0
345	0
346	0
347	0
348	0
349	0
350	0
351	0
352	0
353	0
354	0
355	0
356	0
357	0
358	0
359	0
360	0
361	0
362	0
363	0
364	0
365	0
366	0
367	0
368	0
369	0
370	0
371	0
372	0
373	0
374	0
375	0
376	0
377	0
378	0
379	0
380	0
381	0
382	0
383	0
384	0
385	0
386	0
387	0
388	0
389	0
390	0
391	0
392	0
393	0
394	0
395	0
396	0
397	0
398	0
399	0
400	0
401	0
402	0
403	0
404	0
405	0
406	0
407	0
408	0
409	0
410	0
411	0
412	0
413	0
414	0
415	0
416	0
417	0
418	0
419	0
420	0
421	0
422	0
423	0
424	0
425	0
426	0
427	0
428	0
429	0
430	0
431	0
432	0
433	0
434	0
435	0
436	0
437	0
438	0
439	0
440	0
441	0
442	0
443	0
444	0
445	0
446	0
447	0
448	0
449	0
450	0
451	0
452	0
453	0
454	0
455	0
456	0
457	0
458	0
459	0
460	0
461	0
462	0
463	0
464	0
465	0
466	0
467	0
468	0
469	0
470	0
471	0
472	0
