1	9.8026e-06
2	9.8026e-06
3	9.8026e-06
4	9.8026e-06
5	9.8026e-06
6	9.8026e-06
7	9.8026e-06
8	9.8026e-06
9	7.54721e-05
10	7.53948e-05
11	7.65737e-05
12	7.54206e-05
13	7.65737e-05
14	7.53913e-05
15	0.000227569
16	0.00022435
17	0.000224026
18	0.000229505
19	0.000513568
20	0.000513939
21	0.00160555
22	0.00160581
23	0.00371068
24	0.00371445
25	0.00362238
26	0.00363912
27	0.00382603
28	0.00516171
29	0.0113423
30	0.00913856
31	0.0141949
32	0.0141272
33	0.0139166
34	0.0154766
35	0.0194926
36	0.0223696
37	0.021972
38	0.0903188
39	0.119618
40	0.124059
41	0.139967
42	0.294349
43	0.315527
44	0.33731
45	0.458478
46	0.365668
47	0.480572
48	0.367071
49	0.5037
50	0.408902
51	0.44786
52	0.356544
53	0.357988
54	0.454061
55	0.307433
56	0.325526
57	0.302324
58	0.180589
59	0.319965
60	0.263376
61	0.343698
62	0.281338
63	0.265611
64	0.228824
65	0.227273
66	0.251968
67	0.289998
68	0.261992
69	0.286651
70	0.304174
71	0.840048
72	8.35833e-06
73	8.35833e-06
74	0.0349122
75	1
76	0.313588
77	0.394192
78	0
79	0
80	0.321391
81	0.386466
82	0.141848
83	0.368782
84	1.00067e-05
85	0.313621
86	0.603285
87	9.91781e-06
88	9.91781e-06
89	0.617487
90	0.327701
91	0.405786
92	9.97233e-06
93	9.97233e-06
94	9.97233e-06
95	0.272301
96	0.52582
97	0.261235
98	0.331796
99	0.480539
100	0.322345
101	0.258745
102	9.80574e-06
103	0.000228371
104	0.000221512
105	0.282996
106	6.9169e-05
107	0.227348
108	0.13557
109	0.0573738
110	0.239657
111	0.211285
112	0
113	0.840048
114	0.303411
115	0.377133
116	0
117	0.289333
118	0.000422737
119	9.81127e-06
120	9.81127e-06
121	9.81127e-06
122	9.81127e-06
123	9.81127e-06
124	9.81127e-06
125	9.81127e-06
126	6.92743e-05
127	0.410243
128	0.544143
129	0.632011
130	0.461549
131	0.383742
132	0.446604
133	0
134	0.468582
135	0.00182727
136	0.316054
137	9.95218e-06
138	9.95218e-06
139	9.95218e-06
140	0
141	9.92175e-06
142	9.92175e-06
143	0.416198
144	0.449554
145	0.382488
146	0.468424
147	1
148	0.518014
149	0.536895
150	0.782121
151	0.449514
152	0.358143
153	0
154	0
155	0.362215
156	0.52367
157	0.727691
158	0.625464
159	0.405467
160	0.329235
161	0.590066
162	0.432204
163	0.307407
164	0.509216
165	0.459112
166	0.312325
167	0.251239
168	0.138932
169	0.111271
170	0.103798
171	0.0824275
172	0.0639875
173	0.0447479
174	0.0167795
175	0.0190778
176	0.0149877
177	0.0132975
178	0.0130327
179	0.0126324
180	0.0129821
181	0.0131724
182	0.0127661
183	0.00886637
184	0.00841673
185	0.00718227
186	0.00725444
187	0.00709067
188	0.00738314
189	0.00698787
190	0.00687463
191	0.00690583
192	0.00734094
193	0.00794672
194	0.00605434
195	0.00215842
196	0.00197443
197	0.00205963
198	0.00129796
199	0.00155626
200	0.00129802
201	0.000782128
202	0.000781915
203	0.000781821
204	0.00046805
205	0.000420765
206	0.000420804
207	0.00042051
208	0.000420432
209	0.000185926
210	0.000216345
211	0.000186041
212	0.000185955
213	0.000185916
214	0.000185955
215	0.00018599
216	0.000185938
217	0.000185888
218	0.000185922
219	0.000195193
220	0.000185978
221	0.000186007
222	0.000185984
223	0.000192837
224	0.000185955
225	5.84872e-05
226	5.84913e-05
227	5.84481e-05
228	5.84598e-05
229	5.84646e-05
230	5.84672e-05
231	5.843e-05
232	5.8467e-05
233	5.84596e-05
234	5.84551e-05
235	5.84932e-05
236	5.846e-05
237	6.45237e-05
238	5.84663e-05
239	5.84804e-05
240	5.84552e-05
241	5.84663e-05
242	5.84904e-05
243	5.84968e-05
244	5.84361e-05
245	5.84486e-05
246	5.84446e-05
247	5.84904e-05
248	5.84879e-05
249	5.848e-05
250	5.84879e-05
251	5.8546e-05
252	5.84706e-05
253	6.45237e-05
254	5.85116e-05
255	5.84634e-05
256	5.84693e-05
257	5.848e-05
258	5.84854e-05
259	5.84672e-05
260	5.843e-05
261	5.84217e-05
262	5.84998e-05
263	5.84427e-05
264	5.84446e-05
265	6.45237e-05
266	5.84921e-05
267	5.84977e-05
268	5.84834e-05
269	5.84904e-05
270	5.84977e-05
271	5.84904e-05
272	5.8381e-05
273	5.84693e-05
274	5.84486e-05
275	5.84852e-05
276	5.84872e-05
277	5.84278e-05
278	5.84361e-05
279	5.8437e-05
280	5.84879e-05
281	5.8409e-05
282	5.84481e-05
283	5.84613e-05
284	5.85482e-05
285	5.84325e-05
286	5.84904e-05
287	5.8493e-05
288	6.45237e-05
289	5.84455e-05
290	5.85358e-05
291	5.84344e-05
292	5.846e-05
293	5.84872e-05
294	5.84278e-05
295	5.84646e-05
296	5.84834e-05
297	5.85221e-05
298	5.84836e-05
299	5.84446e-05
300	5.84667e-05
301	5.85358e-05
302	5.846e-05
303	5.84948e-05
304	6.45237e-05
305	5.85358e-05
306	5.84879e-05
307	5.84424e-05
308	5.84913e-05
309	6.45237e-05
310	5.84427e-05
311	5.84463e-05
312	5.84277e-05
313	5.84244e-05
314	5.84634e-05
315	5.84427e-05
316	5.84879e-05
317	5.84486e-05
318	5.85236e-05
319	5.84481e-05
320	5.85072e-05
321	5.84834e-05
322	8.35833e-06
323	8.35833e-06
324	8.35833e-06
325	8.35833e-06
326	8.35833e-06
327	8.35833e-06
328	8.35833e-06
329	8.35833e-06
330	8.35833e-06
331	8.35833e-06
332	8.35833e-06
333	8.35833e-06
334	8.35833e-06
335	8.35833e-06
336	8.35833e-06
337	8.35833e-06
338	8.35833e-06
339	8.35833e-06
340	8.35833e-06
341	8.35833e-06
342	8.35833e-06
343	8.35833e-06
344	8.35833e-06
345	8.35833e-06
346	8.35833e-06
347	8.35833e-06
348	8.35833e-06
349	8.35833e-06
350	8.35833e-06
351	8.35833e-06
352	8.35833e-06
353	8.35833e-06
354	8.35833e-06
355	8.35833e-06
356	8.35833e-06
357	8.35833e-06
358	8.35833e-06
359	8.35833e-06
360	8.35833e-06
361	8.35833e-06
362	8.35833e-06
363	8.35833e-06
364	8.35833e-06
365	8.35833e-06
366	8.35833e-06
367	8.35833e-06
368	8.35833e-06
369	8.35833e-06
370	8.35833e-06
371	8.35833e-06
372	8.35833e-06
373	8.35833e-06
374	8.35833e-06
375	8.35833e-06
376	8.35833e-06
377	8.35833e-06
378	8.35833e-06
379	8.35833e-06
380	8.35833e-06
381	8.35833e-06
382	8.35833e-06
383	8.35833e-06
384	8.35833e-06
385	8.35833e-06
386	8.35833e-06
387	8.35833e-06
388	8.35833e-06
389	8.35833e-06
390	8.35833e-06
391	8.35833e-06
392	8.35833e-06
393	8.35833e-06
394	8.35833e-06
395	8.35833e-06
396	8.35833e-06
397	8.35833e-06
398	8.35833e-06
399	8.35833e-06
400	8.35833e-06
401	8.35833e-06
402	8.35833e-06
403	8.35833e-06
404	8.35833e-06
405	8.35833e-06
406	8.35833e-06
407	8.35833e-06
408	8.35833e-06
409	8.35833e-06
410	8.35833e-06
411	8.35833e-06
412	8.35833e-06
413	8.35833e-06
414	8.35833e-06
415	8.35833e-06
416	8.35833e-06
417	8.35833e-06
418	8.35833e-06
419	8.35833e-06
420	8.35833e-06
421	8.35833e-06
422	8.35833e-06
423	8.35833e-06
424	8.35833e-06
425	8.35833e-06
426	8.35833e-06
427	8.35833e-06
428	8.35833e-06
429	8.35833e-06
430	8.35833e-06
431	8.35833e-06
432	8.35833e-06
433	8.35833e-06
434	8.35833e-06
435	8.35833e-06
436	8.35833e-06
437	8.35833e-06
438	8.35833e-06
439	8.35833e-06
440	8.35833e-06
441	8.35833e-06
442	8.35833e-06
443	8.35833e-06
444	8.35833e-06
445	8.35833e-06
446	8.35833e-06
447	8.35833e-06
448	8.35833e-06
449	8.35833e-06
450	8.35833e-06
451	8.35833e-06
452	8.35833e-06
453	8.35833e-06
454	8.35833e-06
455	8.35833e-06
456	8.35833e-06
457	8.35833e-06
458	8.35833e-06
459	8.35833e-06
460	8.35833e-06
461	8.35833e-06
462	8.35833e-06
463	8.35833e-06
464	8.35833e-06
465	8.35833e-06
466	8.35833e-06
467	8.35833e-06
468	8.35833e-06
469	8.35833e-06
470	8.35833e-06
471	8.35833e-06
472	8.35833e-06
