1	9.80365e-06
2	9.80365e-06
3	9.80365e-06
4	9.80365e-06
5	9.80365e-06
6	9.80365e-06
7	9.80365e-06
8	9.80365e-06
9	7.54809e-05
10	7.54036e-05
11	7.65811e-05
12	7.54295e-05
13	7.65811e-05
14	7.54001e-05
15	0.000227591
16	0.000224377
17	0.000224054
18	0.000229532
19	0.000513614
20	0.000513985
21	0.00160574
22	0.001606
23	0.00371113
24	0.00371491
25	0.00362289
26	0.00363966
27	0.00382641
28	0.00516225
29	0.0113435
30	0.00913974
31	0.0141959
32	0.0141281
33	0.0139175
34	0.0154777
35	0.0194944
36	0.0223692
37	0.0219721
38	0.0811523
39	0.110782
40	0.124129
41	0.138472
42	0.291355
43	0.316677
44	0.332964
45	0.451927
46	0.380117
47	0.480514
48	0.359718
49	0.503894
50	0.417723
51	0.453427
52	0.353672
53	0.357912
54	0.452967
55	0.307641
56	0.322911
57	0.301274
58	0.179303
59	0.313287
60	0.26413
61	0.344876
62	0.281326
63	0.270124
64	0.227388
65	0.223097
66	0.256332
67	0.290492
68	0.261581
69	0.321354
70	0.334855
71	0.840004
72	8.3583e-06
73	8.3583e-06
74	0.03492
75	1
76	0.313472
77	0.394114
78	0
79	0
80	0.321385
81	0.386565
82	0.141851
83	0.368811
84	1.00071e-05
85	0.313654
86	0.603225
87	9.9172e-06
88	9.9172e-06
89	0.617279
90	0.327697
91	0.405762
92	9.972e-06
93	9.972e-06
94	9.972e-06
95	0.272295
96	0.525788
97	0.26126
98	0.331832
99	0.480566
100	0.322282
101	0.258757
102	9.80572e-06
103	0.000228366
104	0.000221506
105	0.283006
106	6.91684e-05
107	0.227391
108	0.13558
109	0.057379
110	0.239654
111	0.211299
112	0
113	0.840004
114	0.303401
115	0.377213
116	0
117	0.289282
118	0.000422721
119	9.81113e-06
120	9.81113e-06
121	9.81113e-06
122	9.81113e-06
123	9.81113e-06
124	9.81113e-06
125	9.81113e-06
126	6.92728e-05
127	0.410242
128	0.544064
129	0.632013
130	0.461609
131	0.383771
132	0.44664
133	0
134	0.468569
135	0.00182719
136	0.316053
137	9.95209e-06
138	9.95209e-06
139	9.95209e-06
140	0
141	9.92265e-06
142	9.92265e-06
143	0.416231
144	0.449621
145	0.382695
146	0.468472
147	1
148	0.518024
149	0.536853
150	0.782055
151	0.44943
152	0.358091
153	0
154	0
155	0.362219
156	0.523589
157	0.727669
158	0.625406
159	0.405491
160	0.329266
161	0.590001
162	0.432147
163	0.307563
164	0.509259
165	0.459114
166	0.312369
167	0.251285
168	0.138904
169	0.111283
170	0.103832
171	0.0824703
172	0.063982
173	0.0447364
174	0.0167831
175	0.0190832
176	0.0149882
177	0.0132998
178	0.0130342
179	0.0126337
180	0.0129821
181	0.013174
182	0.0127679
183	0.00886516
184	0.00841559
185	0.00718152
186	0.00725362
187	0.00709056
188	0.00738294
189	0.00698723
190	0.00687394
191	0.00690527
192	0.00734025
193	0.00794609
194	0.00605426
195	0.00215841
196	0.00197453
197	0.00205962
198	0.00129803
199	0.00155631
200	0.00129809
201	0.000782148
202	0.000781934
203	0.000781841
204	0.000468096
205	0.000420809
206	0.000420848
207	0.000420553
208	0.000420476
209	0.000185923
210	0.000216345
211	0.000186038
212	0.000185953
213	0.000185914
214	0.000185952
215	0.000185988
216	0.000185936
217	0.000185886
218	0.00018592
219	0.000195191
220	0.000185975
221	0.000186004
222	0.000185982
223	0.000192835
224	0.000185953
225	5.84867e-05
226	5.84907e-05
227	5.84475e-05
228	5.84592e-05
229	5.8464e-05
230	5.84666e-05
231	5.84294e-05
232	5.84664e-05
233	5.84591e-05
234	5.84545e-05
235	5.84926e-05
236	5.84594e-05
237	6.45235e-05
238	5.84657e-05
239	5.84798e-05
240	5.84546e-05
241	5.84657e-05
242	5.84898e-05
243	5.84962e-05
244	5.84356e-05
245	5.8448e-05
246	5.8444e-05
247	5.84898e-05
248	5.84873e-05
249	5.84794e-05
250	5.84873e-05
251	5.85454e-05
252	5.847e-05
253	6.45235e-05
254	5.8511e-05
255	5.84628e-05
256	5.84687e-05
257	5.84794e-05
258	5.84848e-05
259	5.84666e-05
260	5.84294e-05
261	5.84211e-05
262	5.84992e-05
263	5.84421e-05
264	5.8444e-05
265	6.45235e-05
266	5.84916e-05
267	5.84971e-05
268	5.84828e-05
269	5.84898e-05
270	5.84971e-05
271	5.84898e-05
272	5.83804e-05
273	5.84687e-05
274	5.8448e-05
275	5.84846e-05
276	5.84867e-05
277	5.84272e-05
278	5.84356e-05
279	5.84364e-05
280	5.84873e-05
281	5.84085e-05
282	5.84475e-05
283	5.84607e-05
284	5.85476e-05
285	5.84319e-05
286	5.84898e-05
287	5.84924e-05
288	6.45235e-05
289	5.84449e-05
290	5.85352e-05
291	5.84339e-05
292	5.84594e-05
293	5.84867e-05
294	5.84272e-05
295	5.8464e-05
296	5.84828e-05
297	5.85215e-05
298	5.8483e-05
299	5.8444e-05
300	5.84661e-05
301	5.85352e-05
302	5.84594e-05
303	5.84942e-05
304	6.45235e-05
305	5.85352e-05
306	5.84873e-05
307	5.84418e-05
308	5.84907e-05
309	6.45235e-05
310	5.84421e-05
311	5.84457e-05
312	5.84271e-05
313	5.84239e-05
314	5.84628e-05
315	5.84421e-05
316	5.84873e-05
317	5.8448e-05
318	5.85231e-05
319	5.84475e-05
320	5.85066e-05
321	5.84828e-05
322	8.3583e-06
323	8.3583e-06
324	8.3583e-06
325	8.3583e-06
326	8.3583e-06
327	8.3583e-06
328	8.3583e-06
329	8.3583e-06
330	8.3583e-06
331	8.3583e-06
332	8.3583e-06
333	8.3583e-06
334	8.3583e-06
335	8.3583e-06
336	8.3583e-06
337	8.3583e-06
338	8.3583e-06
339	8.3583e-06
340	8.3583e-06
341	8.3583e-06
342	8.3583e-06
343	8.3583e-06
344	8.3583e-06
345	8.3583e-06
346	8.3583e-06
347	8.3583e-06
348	8.3583e-06
349	8.3583e-06
350	8.3583e-06
351	8.3583e-06
352	8.3583e-06
353	8.3583e-06
354	8.3583e-06
355	8.3583e-06
356	8.3583e-06
357	8.3583e-06
358	8.3583e-06
359	8.3583e-06
360	8.3583e-06
361	8.3583e-06
362	8.3583e-06
363	8.3583e-06
364	8.3583e-06
365	8.3583e-06
366	8.3583e-06
367	8.3583e-06
368	8.3583e-06
369	8.3583e-06
370	8.3583e-06
371	8.3583e-06
372	8.3583e-06
373	8.3583e-06
374	8.3583e-06
375	8.3583e-06
376	8.3583e-06
377	8.3583e-06
378	8.3583e-06
379	8.3583e-06
380	8.3583e-06
381	8.3583e-06
382	8.3583e-06
383	8.3583e-06
384	8.3583e-06
385	8.3583e-06
386	8.3583e-06
387	8.3583e-06
388	8.3583e-06
389	8.3583e-06
390	8.3583e-06
391	8.3583e-06
392	8.3583e-06
393	8.3583e-06
394	8.3583e-06
395	8.3583e-06
396	8.3583e-06
397	8.3583e-06
398	8.3583e-06
399	8.3583e-06
400	8.3583e-06
401	8.3583e-06
402	8.3583e-06
403	8.3583e-06
404	8.3583e-06
405	8.3583e-06
406	8.3583e-06
407	8.3583e-06
408	8.3583e-06
409	8.3583e-06
410	8.3583e-06
411	8.3583e-06
412	8.3583e-06
413	8.3583e-06
414	8.3583e-06
415	8.3583e-06
416	8.3583e-06
417	8.3583e-06
418	8.3583e-06
419	8.3583e-06
420	8.3583e-06
421	8.3583e-06
422	8.3583e-06
423	8.3583e-06
424	8.3583e-06
425	8.3583e-06
426	8.3583e-06
427	8.3583e-06
428	8.3583e-06
429	8.3583e-06
430	8.3583e-06
431	8.3583e-06
432	8.3583e-06
433	8.3583e-06
434	8.3583e-06
435	8.3583e-06
436	8.3583e-06
437	8.3583e-06
438	8.3583e-06
439	8.3583e-06
440	8.3583e-06
441	8.3583e-06
442	8.3583e-06
443	8.3583e-06
444	8.3583e-06
445	8.3583e-06
446	8.3583e-06
447	8.3583e-06
448	8.3583e-06
449	8.3583e-06
450	8.3583e-06
451	8.3583e-06
452	8.3583e-06
453	8.3583e-06
454	8.3583e-06
455	8.3583e-06
456	8.3583e-06
457	8.3583e-06
458	8.3583e-06
459	8.3583e-06
460	8.3583e-06
461	8.3583e-06
462	8.3583e-06
463	8.3583e-06
464	8.3583e-06
465	8.3583e-06
466	8.3583e-06
467	8.3583e-06
468	8.3583e-06
469	8.3583e-06
470	8.3583e-06
471	8.3583e-06
472	8.3583e-06
