1	5.2532e-05
2	5.2532e-05
3	5.2532e-05
4	5.2532e-05
5	5.2532e-05
6	5.2532e-05
7	5.2532e-05
8	5.2532e-05
9	5.2532e-05
10	5.2532e-05
11	5.2532e-05
12	5.2532e-05
13	5.2532e-05
14	5.2532e-05
15	5.2532e-05
16	5.2532e-05
17	5.2532e-05
18	5.2532e-05
19	0.000393001
20	0.000393204
21	0.00123882
22	0.00123961
23	0.00127451
24	0.00124009
25	0.00123901
26	0.00123892
27	0.00127588
28	0.00123823
29	0.00123882
30	0.00123865
31	0.00127615
32	0.00123885
33	0.0012401
34	0.00123891
35	0.00274046
36	0.00500881
37	0.00500822
38	0.0878809
39	0.183401
40	0.172984
41	0.156624
42	0.284493
43	0.256771
44	0.370247
45	0.429421
46	0.332849
47	0.597227
48	0.383906
49	0.522774
50	0.405652
51	0.363147
52	0.423817
53	0.410746
54	0.450889
55	0.297988
56	0.234249
57	0.296471
58	0.183894
59	0.358935
60	0.247899
61	0.379266
62	0.3153
63	0.194663
64	0.277499
65	0.193467
66	0.266069
67	0.263315
68	0.387938
69	0.295697
70	0.310602
71	1
72	0
73	0
74	0
75	1
76	0.473674
77	0.269916
78	0
79	0
80	0.656661
81	0.353127
82	0.212908
83	0.467185
84	5.38265e-05
85	0.364747
86	0.743395
87	5.31433e-05
88	5.31433e-05
89	0.695253
90	0.238128
91	0.324785
92	5.35136e-05
93	5.35136e-05
94	5.35136e-05
95	0.369557
96	0.600384
97	0.340871
98	0.356895
99	0.638424
100	0.336299
101	0.265997
102	5.2106e-05
103	5.2106e-05
104	5.2106e-05
105	0.531246
106	5.2106e-05
107	0.429869
108	0.0514936
109	0.00520071
110	0.459499
111	0.210101
112	0
113	1
114	0.486807
115	0.428958
116	0
117	0.519714
118	0
119	0
120	0
121	0
122	0
123	0
124	0
125	0
126	0
127	0.750828
128	0.651492
129	0.740517
130	0.852542
131	0.342076
132	0.732733
133	0
134	0.578628
135	5.2106e-05
136	0.430566
137	0
138	0
139	0
140	0
141	5.31497e-05
142	5.31497e-05
143	0.425826
144	0.591033
145	0.445946
146	0.572835
147	1
148	0.609109
149	0.523618
150	0.946292
151	0.391506
152	0.352023
153	0
154	0
155	0.352539
156	0.617335
157	0.937563
158	0.676363
159	0.329179
160	0.371214
161	0.544993
162	0.456479
163	0.317301
164	0.783912
165	0.375493
166	0.298592
167	0.210637
168	0.118816
169	0.0938705
170	0.0880842
171	0.0659197
172	0.0692026
173	0.0583879
174	0.0167642
175	0.0153305
176	0.0117568
177	0.011222
178	0.0116315
179	0.0116759
180	0.011224
181	0.0116459
182	0.0122217
183	0.00826458
184	0.00798385
185	0.00483408
186	0.00483382
187	0.00483099
188	0.00483319
189	0.00502521
190	0.00483169
191	0.00497937
192	0.00517045
193	0.00502734
194	0.00266601
195	0.0012076
196	0.00120662
197	0.00124804
198	0.00120626
199	0.00120709
200	0.00120697
201	0.00120729
202	0.00120652
203	0.00120621
204	0.000387043
205	0.000386564
206	0.00038663
207	0.000386205
208	0.000386466
209	5.2106e-05
210	5.2106e-05
211	5.2106e-05
212	5.2106e-05
213	5.2106e-05
214	5.2106e-05
215	5.2106e-05
216	5.2106e-05
217	5.2106e-05
218	5.2106e-05
219	5.2106e-05
220	5.2106e-05
221	5.2106e-05
222	5.2106e-05
223	5.2106e-05
224	5.2106e-05
225	0
226	0
227	0
228	0
229	0
230	0
231	0
232	0
233	0
234	0
235	0
236	0
237	0
238	0
239	0
240	0
241	0
242	0
243	0
244	0
245	0
246	0
247	0
248	0
249	0
250	0
251	0
252	0
253	0
254	0
255	0
256	0
257	0
258	0
259	0
260	0
261	0
262	0
263	0
264	0
265	0
266	0
267	0
268	0
269	0
270	0
271	0
272	0
273	0
274	0
275	0
276	0
277	0
278	0
279	0
280	0
281	0
282	0
283	0
284	0
285	0
286	0
287	0
288	0
289	0
290	0
291	0
292	0
293	0
294	0
295	0
296	0
297	0
298	0
299	0
300	0
301	0
302	0
303	0
304	0
305	0
306	0
307	0
308	0
309	0
310	0
311	0
312	0
313	0
314	0
315	0
316	0
317	0
318	0
319	0
320	0
321	0
322	0
323	0
324	0
325	0
326	0
327	0
328	0
329	0
330	0
331	0
332	0
333	0
334	0
335	0
336	0
337	0
338	0
339	0
340	0
341	0
342	0
343	0
344	0
345	0
346	0
347	0
348	0
349	0
350	0
351	0
352	0
353	0
354	0
355	0
356	0
357	0
358	0
359	0
360	0
361	0
362	0
363	0
364	0
365	0
366	0
367	0
368	0
369	0
370	0
371	0
372	0
373	0
374	0
375	0
376	0
377	0
378	0
379	0
380	0
381	0
382	0
383	0
384	0
385	0
386	0
387	0
388	0
389	0
390	0
391	0
392	0
393	0
394	0
395	0
396	0
397	0
398	0
399	0
400	0
401	0
402	0
403	0
404	0
405	0
406	0
407	0
408	0
409	0
410	0
411	0
412	0
413	0
414	0
415	0
416	0
417	0
418	0
419	0
420	0
421	0
422	0
423	0
424	0
425	0
426	0
427	0
428	0
429	0
430	0
431	0
432	0
433	0
434	0
435	0
436	0
437	0
438	0
439	0
440	0
441	0
442	0
443	0
444	0
445	0
446	0
447	0
448	0
449	0
450	0
451	0
452	0
453	0
454	0
455	0
456	0
457	0
458	0
459	0
460	0
461	0
462	0
463	0
464	0
465	0
466	0
467	0
468	0
469	0
470	0
471	0
472	0
