1	5.25454e-05
2	5.25454e-05
3	5.25454e-05
4	5.25454e-05
5	5.25454e-05
6	5.25454e-05
7	5.25454e-05
8	5.25454e-05
9	5.25454e-05
10	5.25454e-05
11	5.25454e-05
12	5.25454e-05
13	5.25454e-05
14	5.25454e-05
15	5.25454e-05
16	5.25454e-05
17	5.25454e-05
18	5.25454e-05
19	0.000393092
20	0.000393295
21	0.00123941
22	0.00124021
23	0.00127504
24	0.00124068
25	0.00123961
26	0.00123952
27	0.00127631
28	0.00123882
29	0.00123941
30	0.00123924
31	0.00127658
32	0.00123944
33	0.0012407
34	0.0012395
35	0.00274196
36	0.00501207
37	0.00501148
38	0.0712627
39	0.158883
40	0.169222
41	0.149062
42	0.280046
43	0.248575
44	0.360492
45	0.418934
46	0.363492
47	0.597416
48	0.369183
49	0.523012
50	0.423062
51	0.362232
52	0.409006
53	0.410843
54	0.443075
55	0.287508
56	0.224406
57	0.287548
58	0.179649
59	0.325519
60	0.234573
61	0.380499
62	0.311874
63	0.207948
64	0.249262
65	0.192161
66	0.262687
67	0.26014
68	0.40849
69	0.363679
70	0.379075
71	1
72	0
73	0
74	0
75	1
76	0.473686
77	0.269778
78	0
79	0
80	0.656262
81	0.353002
82	0.213113
83	0.467234
84	5.38318e-05
85	0.364841
86	0.7433
87	5.3136e-05
88	5.3136e-05
89	0.694977
90	0.238101
91	0.32488
92	5.35135e-05
93	5.35135e-05
94	5.35135e-05
95	0.369783
96	0.600365
97	0.340871
98	0.356987
99	0.638402
100	0.336339
101	0.266016
102	5.21072e-05
103	5.21072e-05
104	5.21072e-05
105	0.531089
106	5.21072e-05
107	0.429949
108	0.0514811
109	0.0052013
110	0.459583
111	0.210014
112	0
113	1
114	0.48665
115	0.428984
116	0
117	0.519261
118	0
119	0
120	0
121	0
122	0
123	0
124	0
125	0
126	0
127	0.750923
128	0.651667
129	0.740744
130	0.852506
131	0.342053
132	0.732784
133	0
134	0.578776
135	5.21072e-05
136	0.430296
137	0
138	0
139	0
140	0
141	5.31587e-05
142	5.31587e-05
143	0.425485
144	0.591162
145	0.445861
146	0.573039
147	1
148	0.609187
149	0.523702
150	0.946318
151	0.391562
152	0.352039
153	0
154	0
155	0.352525
156	0.617442
157	0.937561
158	0.676312
159	0.329291
160	0.371123
161	0.545135
162	0.456649
163	0.31725
164	0.784036
165	0.375506
166	0.298626
167	0.210806
168	0.118778
169	0.0938208
170	0.0880925
171	0.0658955
172	0.0692126
173	0.0583812
174	0.0167703
175	0.0153394
176	0.0117601
177	0.0112246
178	0.0116345
179	0.0116784
180	0.0112266
181	0.0116479
182	0.0122243
183	0.00826481
184	0.00798446
185	0.00483448
186	0.00483422
187	0.00483138
188	0.00483359
189	0.00502524
190	0.00483209
191	0.00498
192	0.00517069
193	0.00502737
194	0.0026661
195	0.00120767
196	0.00120669
197	0.00124803
198	0.00120634
199	0.00120717
200	0.00120704
201	0.00120737
202	0.00120659
203	0.00120628
204	0.000387122
205	0.000386643
206	0.000386709
207	0.000386284
208	0.000386545
209	5.21072e-05
210	5.21072e-05
211	5.21072e-05
212	5.21072e-05
213	5.21072e-05
214	5.21072e-05
215	5.21072e-05
216	5.21072e-05
217	5.21072e-05
218	5.21072e-05
219	5.21072e-05
220	5.21072e-05
221	5.21072e-05
222	5.21072e-05
223	5.21072e-05
224	5.21072e-05
225	0
226	0
227	0
228	0
229	0
230	0
231	0
232	0
233	0
234	0
235	0
236	0
237	0
238	0
239	0
240	0
241	0
242	0
243	0
244	0
245	0
246	0
247	0
248	0
249	0
250	0
251	0
252	0
253	0
254	0
255	0
256	0
257	0
258	0
259	0
260	0
261	0
262	0
263	0
264	0
265	0
266	0
267	0
268	0
269	0
270	0
271	0
272	0
273	0
274	0
275	0
276	0
277	0
278	0
279	0
280	0
281	0
282	0
283	0
284	0
285	0
286	0
287	0
288	0
289	0
290	0
291	0
292	0
293	0
294	0
295	0
296	0
297	0
298	0
299	0
300	0
301	0
302	0
303	0
304	0
305	0
306	0
307	0
308	0
309	0
310	0
311	0
312	0
313	0
314	0
315	0
316	0
317	0
318	0
319	0
320	0
321	0
322	0
323	0
324	0
325	0
326	0
327	0
328	0
329	0
330	0
331	0
332	0
333	0
334	0
335	0
336	0
337	0
338	0
339	0
340	0
341	0
342	0
343	0
344	0
345	0
346	0
347	0
348	0
349	0
350	0
351	0
352	0
353	0
354	0
355	0
356	0
357	0
358	0
359	0
360	0
361	0
362	0
363	0
364	0
365	0
366	0
367	0
368	0
369	0
370	0
371	0
372	0
373	0
374	0
375	0
376	0
377	0
378	0
379	0
380	0
381	0
382	0
383	0
384	0
385	0
386	0
387	0
388	0
389	0
390	0
391	0
392	0
393	0
394	0
395	0
396	0
397	0
398	0
399	0
400	0
401	0
402	0
403	0
404	0
405	0
406	0
407	0
408	0
409	0
410	0
411	0
412	0
413	0
414	0
415	0
416	0
417	0
418	0
419	0
420	0
421	0
422	0
423	0
424	0
425	0
426	0
427	0
428	0
429	0
430	0
431	0
432	0
433	0
434	0
435	0
436	0
437	0
438	0
439	0
440	0
441	0
442	0
443	0
444	0
445	0
446	0
447	0
448	0
449	0
450	0
451	0
452	0
453	0
454	0
455	0
456	0
457	0
458	0
459	0
460	0
461	0
462	0
463	0
464	0
465	0
466	0
467	0
468	0
469	0
470	0
471	0
472	0
