1	0
2	0
3	0
4	0
5	0
6	0
7	0
8	0
9	0
10	0
11	0
12	0
13	0
14	0
15	0
16	0
17	0
18	0
19	0
20	0
21	0
22	0
23	0
24	0
25	0
26	0
27	0
28	0
29	0
30	0
31	0
32	0
33	0
34	0
35	0
36	0
37	0
38	0
39	0.685434
40	0.59165
41	0.414297
42	0.409789
43	0.41912
44	0.402427
45	0.674486
46	0.734564
47	0.44972
48	0.699202
49	0.7722
50	0.7722
51	0.701537
52	0.59069
53	0.584883
54	0.499892
55	0.733137
56	0.443088
57	0.380001
58	0.470361
59	0.564936
60	0.673063
61	0.498966
62	0.487678
63	0.698279
64	0.52841
65	0.571167
66	0.847988
67	0.633824
68	0.671268
69	0.768246
70	0.441003
71	0.999999
72	0
73	0
74	0
75	0.999999
76	0.759264
77	0.427044
78	2.21615e-05
79	2.21615e-05
80	0.798721
81	0.551093
82	0.593559
83	0.617086
84	0
85	0.496833
86	0.913341
87	0
88	0
89	0.634296
90	0.446466
91	0.398242
92	0
93	0
94	0
95	0.296736
96	0.999999
97	0.52997
98	0.901825
99	0.883197
100	0.795234
101	0.550819
102	0
103	0
104	0
105	0.749188
106	0
107	0.872612
108	0
109	0
110	0.917068
111	0.600817
112	0
113	0.999999
114	0.666112
115	0.510497
116	0.0181279
117	0.400544
118	0
119	0
120	0
121	0
122	0
123	0
124	0
125	0
126	0
127	0.56864
128	0.648554
129	0.752038
130	0.525768
131	0.559811
132	0.695284
133	0
134	0.526083
135	0
136	0.507306
137	0
138	0
139	0
140	0
141	0
142	0
143	0.773435
144	0.443919
145	0.582622
146	0.36031
147	0.773435
148	0.569711
149	0.535382
150	0.315504
151	0.440952
152	0.30026
153	0
154	0
155	0.265909
156	0.735022
157	0.564841
158	0.523134
159	0.215109
160	0.442391
161	0.412893
162	0.463093
163	0.306482
164	0.258509
165	0.395259
166	0.350793
167	0.455914
168	0.23902
169	0.163966
170	0.186448
171	0.0934224
172	0.0584748
173	0
174	0
175	0
176	0
177	0
178	0
179	0
180	0
181	0
182	0
183	0
184	0
185	0
186	0
187	0
188	0
189	0
190	0
191	0
192	0
193	0
194	0
195	0
196	0
197	0
198	0
199	0
200	0
201	0
202	0
203	0
204	0
205	0
206	0
207	0
208	0
209	0
210	0
211	0
212	0
213	0
214	0
215	0
216	0
217	0
218	0
219	0
220	0
221	0
222	0
223	0
224	0
225	0
226	0
227	0
228	0
229	0
230	0
231	0
232	0
233	0
234	0
235	0
236	0
237	0
238	0
239	0
240	0
241	0
242	0
243	0
244	0
245	0
246	0
247	0
248	0
249	0
250	0
251	0
252	0
253	0
254	0
255	0
256	0
257	0
258	0
259	0
260	0
261	0
262	0
263	0
264	0
265	0
266	0
267	0
268	0
269	0
270	0
271	0
272	0
273	0
274	0
275	0
276	0
277	0
278	0
279	0
280	0
281	0
282	0
283	0
284	0
285	0
286	0
287	0
288	0
289	0
290	0
291	0
292	0
293	0
294	0
295	0
296	0
297	0
298	0
299	0
300	0
301	0
302	0
303	0
304	0
305	0
306	0
307	0
308	0
309	0
310	0
311	0
312	0
313	0
314	0
315	0
316	0
317	0
318	0
319	0
320	0
321	0
322	0
323	0
324	0
325	0
326	0
327	0
328	0
329	0
330	0
331	0
332	0
333	0
334	0
335	0
336	0
337	0
338	0
339	0
340	0
341	0
342	0
343	0
344	0
345	0
346	0
347	0
348	0
349	0
350	0
351	0
352	0
353	0
354	0
355	0
356	0
357	0
358	0
359	0
360	0
361	0
362	0
363	0
364	0
365	0
366	0
367	0
368	0
369	0
370	0
371	0
372	0
373	0
374	0
375	0
376	0
377	0
378	0
379	0
380	0
381	0
382	0
383	0
384	0
385	0
386	0
387	0
388	0
389	0
390	0
391	0
392	0
393	0
394	0
395	0
396	0
397	0
398	0
399	0
400	0
401	0
402	0
403	0
404	0
405	0
406	0
407	0
408	0
409	0
410	0
411	0
412	0
413	0
414	0
415	0
416	0
417	0
418	0
419	0
420	0
421	0
422	0
423	0
424	0
425	0
426	0
427	0
428	0
429	0
430	0
431	0
432	0
433	0
434	0
435	0
436	0
437	0
438	0
439	0
440	0
441	0
442	0
443	0
444	0
445	0
446	0
447	0
448	0
449	0
450	0
451	0
452	0
453	0
454	0
455	0
456	0
457	0
458	0
459	0
460	0
461	0
462	0
463	0
464	0
465	0
466	0
467	0
468	0
469	0
470	0
471	0
472	0
