1	0
2	0
3	0
4	0
5	0
6	0
7	0
8	0
9	0
10	0
11	0
12	0
13	0
14	0
15	0
16	0
17	0
18	0
19	0.634688
20	0.634688
21	0.535508
22	0.634688
23	0.542782
24	0.536237
25	0.445625
26	0.634688
27	0.449336
28	0.449148
29	0.634688
30	0.449576
31	0.533393
32	0.490085
33	0.398921
34	0.443554
35	0.634688
36	0.634688
37	0.449448
38	0.634688
39	0.535796
40	0.468834
41	0.370092
42	0.490159
43	0.490503
44	0.426608
45	0.557331
46	0.649508
47	0.649508
48	0.649508
49	0.752436
50	0.193211
51	0.747662
52	0.492392
53	0.843908
54	0.740621
55	0.446655
56	1
57	0.496015
58	0.74115
59	0.86224
60	0.536185
61	0.535508
62	0.634688
63	0.37048
64	0.795692
65	0.862486
66	1
67	0.386134
68	0.652499
69	0.60384
70	0.843705
71	1
72	0
73	0
74	0
75	0.84226
76	0.484858
77	0.42526
78	0
79	0
80	1
81	0.610986
82	0.709606
83	0.792975
84	0
85	0.858223
86	1
87	0
88	0
89	0.721442
90	1
91	0.592832
92	0
93	0
94	0
95	0.721052
96	0.843045
97	0.557292
98	0.653549
99	0.634688
100	1
101	0.871096
102	0
103	0
104	0
105	1
106	0
107	1
108	0
109	0
110	1
111	0.593104
112	0
113	1
114	1
115	0.738308
116	0
117	1
118	0
119	0
120	0
121	0
122	0
123	0
124	0
125	0
126	0
127	0.843087
128	1
129	0.646262
130	0.42526
131	0.360586
132	0.646262
133	0
134	0.646262
135	0
136	0.533643
137	0
138	0
139	0
140	0
141	0
142	0
143	0.646262
144	0.491578
145	0.507605
146	0.532935
147	0.646262
148	0.646262
149	0.40447
150	0.53281
151	0.469805
152	0.445802
153	0
154	0
155	0.44543
156	0.445802
157	0.646262
158	0.646262
159	0.382266
160	0.532482
161	0.533098
162	0.4912
163	0.49147
164	0.646262
165	0.649508
166	0.304019
167	0.127658
168	0.128814
169	0.115373
170	0
171	0
172	0
173	0
174	0
175	0
176	0
177	0
178	0
179	0
180	0
181	0
182	0
183	0
184	0
185	0
186	0
187	0
188	0
189	0
190	0
191	0
192	0
193	0
194	0
195	0
196	0
197	0
198	0
199	0
200	0
201	0
202	0
203	0
204	0
205	0
206	0
207	0
208	0
209	0
210	0
211	0
212	0
213	0
214	0
215	0
216	0
217	0
218	0
219	0
220	0
221	0
222	0
223	0
224	0
225	0
226	0
227	0
228	0
229	0
230	0
231	0
232	0
233	0
234	0
235	0
236	0
237	0
238	0
239	0
240	0
241	0
242	0
243	0
244	0
245	0
246	0
247	0
248	0
249	0
250	0
251	0
252	0
253	0
254	0
255	0
256	0
257	0
258	0
259	0
260	0
261	0
262	0
263	0
264	0
265	0
266	0
267	0
268	0
269	0
270	0
271	0
272	0
273	0
274	0
275	0
276	0
277	0
278	0
279	0
280	0
281	0
282	0
283	0
284	0
285	0
286	0
287	0
288	0
289	0
290	0
291	0
292	0
293	0
294	0
295	0
296	0
297	0
298	0
299	0
300	0
301	0
302	0
303	0
304	0
305	0
306	0
307	0
308	0
309	0
310	0
311	0
312	0
313	0
314	0
315	0
316	0
317	0
318	0
319	0
320	0
321	0
322	0
323	0
324	0
325	0
326	0
327	0
328	0
329	0
330	0
331	0
332	0
333	0
334	0
335	0
336	0
337	0
338	0
339	0
340	0
341	0
342	0
343	0
344	0
345	0
346	0
347	0
348	0
349	0
350	0
351	0
352	0
353	0
354	0
355	0
356	0
357	0
358	0
359	0
360	0
361	0
362	0
363	0
364	0
365	0
366	0
367	0
368	0
369	0
370	0
371	0
372	0
373	0
374	0
375	0
376	0
377	0
378	0
379	0
380	0
381	0
382	0
383	0
384	0
385	0
386	0
387	0
388	0
389	0
390	0
391	0
392	0
393	0
394	0
395	0
396	0
397	0
398	0
399	0
400	0
401	0
402	0
403	0
404	0
405	0
406	0
407	0
408	0
409	0
410	0
411	0
412	0
413	0
414	0
415	0
416	0
417	0
418	0
419	0
420	0
421	0
422	0
423	0
424	0
425	0
426	0
427	0
428	0
429	0
430	0
431	0
432	0
433	0
434	0
435	0
436	0
437	0
438	0
439	0
440	0
441	0
442	0
443	0
444	0
445	0
446	0
447	0
448	0
449	0
450	0
451	0
452	0
453	0
454	0
455	0
456	0
457	0
458	0
459	0
460	0
461	0
462	0
463	0
464	0
465	0
466	0
467	0
468	0
469	0
470	0
471	0
472	0
