1	0
2	0
3	0
4	0
5	0
6	0
7	0
8	0
9	0
10	0
11	0
12	0
13	0
14	0
15	0
16	0
17	0
18	0
19	0
20	0
21	0
22	0
23	0
24	0
25	0
26	0
27	0
28	0
29	0
30	0
31	0
32	0
33	0
34	0
35	0
36	0
37	0
38	0
39	0
40	0
41	0
42	0.319877
43	0.250601
44	0.292445
45	0.258087
46	0.23398
47	0.267218
48	0.25467
49	0.269879
50	0.250516
51	0.337883
52	0.403594
53	0.119901
54	0.268844
55	0.245478
56	0.218771
57	0.372055
58	0.403594
59	0.369498
60	0.369395
61	0.278922
62	0.292257
63	0.269248
64	0.214837
65	0.316805
66	0.352778
67	0.284908
68	0.260347
69	0.242047
70	0.2129
71	0.784822
72	0
73	0
74	0
75	0.784822
76	0.494312
77	0.334638
78	0
79	0
80	0.68788
81	0.493464
82	0.926163
83	0.652789
84	0
85	0.664711
86	0.999999
87	0
88	0
89	0.88173
90	0.556447
91	0.681908
92	0
93	0
94	0
95	0.713153
96	0.704395
97	0.739488
98	0.629137
99	0.919701
100	0.484613
101	0.628024
102	0
103	0
104	0
105	0.999999
106	0
107	0.920982
108	0
109	0
110	0.506887
111	0.641634
112	0
113	0.999999
114	0.655667
115	0.667246
116	0
117	0.783833
118	0
119	0
120	0
121	0
122	0
123	0
124	0
125	0
126	0
127	0.877171
128	0.876734
129	0.881985
130	0.703104
131	0.709634
132	0.999999
133	0
134	0.878747
135	0
136	0.799158
137	0
138	0
139	0
140	0
141	0
142	0
143	0.782229
144	0.752081
145	0.640172
146	0.850427
147	0.999999
148	0.857504
149	0.667621
150	0.999999
151	0.419716
152	0.560622
153	0
154	0
155	0.589446
156	0.999999
157	0.999999
158	0.927981
159	0.65396
160	0.850323
161	0.849421
162	0.437675
163	0.47297
164	0.784822
165	0.495205
166	0.308152
167	0.330572
168	0.279792
169	0
170	0
171	0
172	0
173	0
174	0
175	0
176	0
177	0
178	0
179	0
180	0
181	0
182	0
183	0
184	0
185	0
186	0
187	0
188	0
189	0
190	0
191	0
192	0
193	0
194	0
195	0
196	0
197	0
198	0
199	0
200	0
201	0
202	0
203	0
204	0
205	0
206	0
207	0
208	0
209	0
210	0
211	0
212	0
213	0
214	0
215	0
216	0
217	0
218	0
219	0
220	0
221	0
222	0
223	0
224	0
225	0
226	0
227	0
228	0
229	0
230	0
231	0
232	0
233	0
234	0
235	0
236	0
237	0
238	0
239	0
240	0
241	0
242	0
243	0
244	0
245	0
246	0
247	0
248	0
249	0
250	0
251	0
252	0
253	0
254	0
255	0
256	0
257	0
258	0
259	0
260	0
261	0
262	0
263	0
264	0
265	0
266	0
267	0
268	0
269	0
270	0
271	0
272	0
273	0
274	0
275	0
276	0
277	0
278	0
279	0
280	0
281	0
282	0
283	0
284	0
285	0
286	0
287	0
288	0
289	0
290	0
291	0
292	0
293	0
294	0
295	0
296	0
297	0
298	0
299	0
300	0
301	0
302	0
303	0
304	0
305	0
306	0
307	0
308	0
309	0
310	0
311	0
312	0
313	0
314	0
315	0
316	0
317	0
318	0
319	0
320	0
321	0
322	0
323	0
324	0
325	0
326	0
327	0
328	0
329	0
330	0
331	0
332	0
333	0
334	0
335	0
336	0
337	0
338	0
339	0
340	0
341	0
342	0
343	0
344	0
345	0
346	0
347	0
348	0
349	0
350	0
351	0
352	0
353	0
354	0
355	0
356	0
357	0
358	0
359	0
360	0
361	0
362	0
363	0
364	0
365	0
366	0
367	0
368	0
369	0
370	0
371	0
372	0
373	0
374	0
375	0
376	0
377	0
378	0
379	0
380	0
381	0
382	0
383	0
384	0
385	0
386	0
387	0
388	0
389	0
390	0
391	0
392	0
393	0
394	0
395	0
396	0
397	0
398	0
399	0
400	0
401	0
402	0
403	0
404	0
405	0
406	0
407	0
408	0
409	0
410	0
411	0
412	0
413	0
414	0
415	0
416	0
417	0
418	0
419	0
420	0
421	0
422	0
423	0
424	0
425	0
426	0
427	0
428	0
429	0
430	0
431	0
432	0
433	0
434	0
435	0
436	0
437	0
438	0
439	0
440	0
441	0
442	0
443	0
444	0
445	0
446	0
447	0
448	0
449	0
450	0
451	0
452	0
453	0
454	0
455	0
456	0
457	0
458	0
459	0
460	0
461	0
462	0
463	0
464	0
465	0
466	0
467	0
468	0
469	0
470	0
471	0
472	0
