1	1
2	0.805731
3	0.587798
4	0.719708
5	0.510919
6	0.760079
7	0.647057
8	0.900191
9	0.755717
10	0.586353
11	0.85549
12	0.606238
13	0.849196
14	0.662602
15	0.601782
16	0.372262
17	0.550598
18	0.550598
19	0.429453
20	0.821546
21	0.518517
22	0.182054
23	0.272753
24	0.186774
25	0.214467
26	0.110878
27	0.193594
28	0.278154
29	0.221726
30	0.495389
31	0.220685
32	0.298995
33	0.297522
34	0.459244
35	0.412713
36	0.207506
37	0.197144
38	0.228112
39	0.352586
40	0.142593
41	0.277627
42	0.206923
43	0.223764
44	0.175178
45	0.132354
46	0.0767637
47	0.091135
48	0.0612747
49	0.112294
50	0.138745
51	0.15836
52	0.188106
53	0.0785682
54	0.100864
55	0.100956
56	0.0911849
57	0.111705
58	0.126487
59	0.310707
60	0.209668
61	0.113561
62	0.246765
63	0.600974
64	0.669437
65	0.655044
66	0.412418
67	0.141073
68	0.489673
69	0.271411
70	0.734929
71	1
72	0
73	0
74	0
75	1
76	0.404296
77	0.671785
78	0
79	0
80	0.769419
81	0.670388
82	0.589716
83	0.722479
84	0
85	0.362633
86	1
87	0
88	0
89	0.628227
90	1
91	0.533459
92	0
93	0
94	0
95	0.486963
96	0.589633
97	0.388765
98	0.665363
99	0.757468
100	0.718152
101	0.590421
102	0
103	0
104	0
105	1
106	0
107	0.644723
108	0
109	0
110	0.898015
111	0.419754
112	0
113	1
114	0.84064
115	0.554044
116	0
117	0.900549
118	0
119	0
120	0
121	0
122	0
123	0
124	0
125	0
126	0
127	0.779066
128	0.807317
129	1
130	0.897098
131	0.702654
132	1
133	0
134	0.899185
135	0
136	0.620395
137	0
138	0
139	0
140	0
141	0
142	0
143	0.760959
144	0.648405
145	0.602104
146	0.606806
147	1
148	0.753304
149	0.484208
150	1
151	0.35354
152	0.584305
153	0
154	0
155	0.495253
156	0.508062
157	0.897126
158	0.81414
159	0.386232
160	1
161	0.710257
162	0.382341
163	0.36329
164	1
165	0.846601
166	0.326671
167	0.267619
168	0.281927
169	0.185445
170	0.222136
171	0.209981
172	0.171213
173	0.186332
174	0.187632
175	0.133321
176	0
177	0
178	0
179	0
180	0
181	0
182	0
183	0
184	0
185	0
186	0
187	0
188	0
189	0
190	0
191	0
192	0
193	0
194	0
195	0
196	0
197	0
198	0
199	0
200	0
201	0
202	0
203	0
204	0
205	0
206	0
207	0
208	0
209	0
210	0
211	0
212	0
213	0
214	0
215	0
216	0
217	0
218	0
219	0
220	0
221	0
222	0
223	0
224	0
225	0
226	0
227	0
228	0
229	0
230	0
231	0
232	0
233	0
234	0
235	0
236	0
237	0
238	0
239	0
240	0
241	0
242	0
243	0
244	0
245	0
246	0
247	0
248	0
249	0
250	0
251	0
252	0
253	0
254	0
255	0
256	0
257	0
258	0
259	0
260	0
261	0
262	0
263	0
264	0
265	0
266	0
267	0
268	0
269	0
270	0
271	0
272	0
273	0
274	0
275	0
276	0
277	0
278	0
279	0
280	0
281	0
282	0
283	0
284	0
285	0
286	0
287	0
288	0
289	0
290	0
291	0
292	0
293	0
294	0
295	0
296	0
297	0
298	0
299	0
300	0
301	0
302	0
303	0
304	0
305	0
306	0
307	0
308	0
309	0
310	0
311	0
312	0
313	0
314	0
315	0
316	0
317	0
318	0
319	0
320	0
321	0
322	0
323	0
324	0
325	0
326	0
327	0
328	0
329	0
330	0
331	0
332	0
333	0
334	0
335	0
336	0
337	0
338	0
339	0
340	0
341	0
342	0
343	0
344	0
345	0
346	0
347	0
348	0
349	0
350	0
351	0
352	0
353	0
354	0
355	0
356	0
357	0
358	0
359	0
360	0
361	0
362	0
363	0
364	0
365	0
366	0
367	0
368	0
369	0
370	0
371	0
372	0
373	0
374	0
375	0
376	0
377	0
378	0
379	0
380	0
381	0
382	0
383	0
384	0
385	0
386	0
387	0
388	0
389	0
390	0
391	0
392	0
393	0
394	0
395	0
396	0
397	0
398	0
399	0
400	0
401	0
402	0
403	0
404	0
405	0
406	0
407	0
408	0
409	0
410	0
411	0
412	0
413	0
414	0
415	0
416	0
417	0
418	0
419	0
420	0
421	0
422	0
423	0
424	0
425	0
426	0
427	0
428	0
429	0
430	0
431	0
432	0
433	0
434	0
435	0
436	0
437	0
438	0
439	0
440	0
441	0
442	0
443	0
444	0
445	0
446	0
447	0
448	0
449	0
450	0
451	0
452	0
453	0
454	0
455	0
456	0
457	0
458	0
459	0
460	0
461	0
462	0
463	0
464	0
465	0
466	0
467	0
468	0
469	0
470	0
471	0
472	0
