1	0
2	0
3	0
4	0
5	0
6	0
7	0
8	0
9	0
10	0
11	0
12	0
13	0
14	0
15	0
16	0
17	0
18	0
19	0
20	0
21	0
22	0
23	0
24	0
25	0
26	0
27	0
28	0
29	0
30	0
31	0
32	0
33	0
34	0
35	0
36	0
37	0
38	0
39	0
40	0
41	0
42	0.999999
43	0.836671
44	0.71893
45	0.809069
46	0.889675
47	0.930107
48	0.768768
49	0.869699
50	0.937997
51	0.714017
52	0.87297
53	0.704273
54	0.842198
55	0.570917
56	0.904332
57	0.833076
58	0.999999
59	0.627126
60	0.68431
61	0.547203
62	0.809061
63	0.804351
64	0.724752
65	0.936607
66	0.999999
67	0.647289
68	0.842695
69	0.999999
70	0.999999
71	0.999999
72	0
73	0
74	0
75	0.999999
76	0.999999
77	0.821843
78	0
79	0
80	0.94506
81	0
82	0.79776
83	0.381214
84	0
85	0.426057
86	0.557463
87	0
88	0
89	0.602355
90	0.516167
91	0.53801
92	0
93	0
94	0
95	0.642226
96	0.940929
97	0.779329
98	0.62568
99	0.931047
100	0.560035
101	0.464641
102	0.999999
103	0.497792
104	0.616208
105	0.999999
106	0.812282
107	0.999999
108	0.905316
109	0
110	0.999999
111	0.999999
112	0
113	0.999999
114	0.999999
115	0.999999
116	0
117	0.820943
118	0
119	0
120	0
121	0
122	0
123	0
124	0
125	0
126	0
127	0.999999
128	0.741415
129	0.863241
130	0.999999
131	0.591883
132	0.771205
133	0
134	0.678698
135	0.352426
136	0.717378
137	0
138	0
139	0
140	0
141	0
142	0
143	0.546163
144	0.626241
145	0.633544
146	0.830927
147	0.999999
148	0.870323
149	0.718484
150	0.999999
151	0.54726
152	0.513262
153	0
154	0
155	0.565914
156	0.609239
157	0.935864
158	0.709848
159	0.446813
160	0.625131
161	0.738837
162	0.804264
163	0.620152
164	0.92939
165	0.735233
166	0.626623
167	0.777619
168	0.624515
169	0.770792
170	0.243077
171	0.225551
172	0.254807
173	0.523306
174	0.264403
175	0.462302
176	0.607804
177	0.338547
178	0.46025
179	0.407811
180	0.41218
181	0.591308
182	0.329701
183	0.133048
184	0.377873
185	0.675843
186	0.344791
187	0.209017
188	0.222243
189	0.290515
190	0.405047
191	0.322649
192	0.387718
193	0.544951
194	0.39783
195	0.219467
196	0.45154
197	0.33764
198	0.470632
199	0.380856
200	0.261568
201	0.361112
202	0.438817
203	0.318944
204	0.344898
205	0.255432
206	0.466718
207	0.303307
208	0.398799
209	0.358421
210	0.448354
211	0.436731
212	0.497089
213	0.35781
214	0.321979
215	0.441365
216	0.415578
217	0.2841
218	0.25753
219	0.22191
220	0.35766
221	0.30558
222	0.202162
223	0.275063
224	0.147771
225	0
226	0
227	0
228	0
229	0
230	0
231	0
232	0
233	0
234	0
235	0
236	0
237	0
238	0
239	0
240	0
241	0
242	0
243	0
244	0
245	0
246	0
247	0
248	0
249	0
250	0
251	0
252	0
253	0
254	0
255	0
256	0
257	0
258	0
259	0
260	0
261	0
262	0
263	0
264	0
265	0
266	0
267	0
268	0
269	0
270	0
271	0
272	0
273	0
274	0
275	0
276	0
277	0
278	0
279	0
280	0
281	0
282	0
283	0
284	0
285	0
286	0
287	0
288	0
289	0
290	0
291	0
292	0
293	0
294	0
295	0
296	0
297	0
298	0
299	0
300	0
301	0
302	0
303	0
304	0
305	0
306	0
307	0
308	0
309	0
310	0
311	0
312	0
313	0
314	0
315	0
316	0
317	0
318	0
319	0
320	0
321	0
322	0
323	0
324	0
325	0
326	0
327	0
328	0
329	0
330	0
331	0
332	0
333	0
334	0
335	0
336	0
337	0
338	0
339	0
340	0
341	0
342	0
343	0
344	0
345	0
346	0
347	0
348	0
349	0
350	0
351	0
352	0
353	0
354	0
355	0
356	0
357	0
358	0
359	0
360	0
361	0
362	0
363	0
364	0
365	0
366	0
367	0
368	0
369	0
370	0
371	0
372	0
373	0
374	0
375	0
376	0
377	0
378	0
379	0
380	0
381	0
382	0
383	0
384	0
385	0
386	0
387	0
388	0
389	0
390	0
391	0
392	0
393	0
394	0
395	0
396	0
397	0
398	0
399	0
400	0
401	0
402	0
403	0
404	0
405	0
406	0
407	0
408	0
409	0
410	0
411	0
412	0
413	0
414	0
415	0
416	0
417	0
418	0
419	0
420	0
421	0
422	0
423	0
424	0
425	0
426	0
427	0
428	0
429	0
430	0
431	0
432	0
433	0
434	0
435	0
436	0
437	0
438	0
439	0
440	0
441	0
442	0
443	0
444	0
445	0
446	0
447	0
448	0
449	0
450	0
451	0
452	0
453	0
454	0
455	0
456	0
457	0
458	0
459	0
460	0
461	0
462	0
463	0
464	0
465	0
466	0
467	0
468	0
469	0
470	0
471	0
472	0
