1	0
2	0
3	0
4	0
5	0
6	0
7	0
8	0
9	0
10	0
11	0
12	0
13	0
14	0
15	0
16	0
17	0
18	0
19	0
20	0
21	0
22	0
23	0
24	0
25	0
26	0
27	0
28	0
29	0
30	0
31	0
32	0
33	0
34	0
35	0
36	0
37	0
38	0
39	0
40	0
41	0
42	0.280206
43	0.222855
44	0.273925
45	0.264137
46	0.31798
47	0.342498
48	0.174454
49	0.307312
50	0.280748
51	0.261942
52	0.336163
53	0.303416
54	0.183817
55	0.350209
56	0.219566
57	0.202429
58	0.251124
59	0.196154
60	0.133014
61	0.217629
62	0.229813
63	0.447662
64	0.740673
65	0.778067
66	0.877367
67	0.55332
68	0.657086
69	0.691181
70	0.63588
71	0.677562
72	0
73	0
74	0
75	0.677562
76	0.677562
77	0.575957
78	0
79	0
80	0.642337
81	0.677562
82	0.561928
83	0.590927
84	0
85	0.572075
86	0.617127
87	0.643685
88	0.677562
89	0.677562
90	0.677562
91	0.549231
92	0
93	0
94	0
95	0.567123
96	0.639144
97	0.418063
98	0.285095
99	0.677562
100	0.498645
101	0.584868
102	0
103	0
104	0
105	0.766077
106	0
107	0.662408
108	0.705627
109	0.766077
110	0.766077
111	0.725657
112	0
113	0.766077
114	0.696313
115	0.766077
116	0
117	0.661374
118	0
119	0
120	0
121	0
122	0
123	0
124	0
125	0
126	0
127	0.766077
128	0.67834
129	0.724803
130	0.999999
131	0.953143
132	0.817879
133	0
134	0.7721
135	0
136	0
137	0
138	0
139	0
140	0
141	0
142	0
143	0.814728
144	0.999999
145	0.922137
146	0.717524
147	0.999999
148	0.80618
149	0.999999
150	0.999999
151	0.948746
152	0.80896
153	0
154	0
155	0.851963
156	0.591232
157	0.622518
158	0.819207
159	0.718573
160	0.999999
161	0.88277
162	0.797332
163	0.465474
164	0.808004
165	0.762385
166	0.674247
167	0.878852
168	0.904766
169	0.789113
170	0.62352
171	0.824219
172	0.846051
173	0.774525
174	0.601598
175	0.999999
176	0.640722
177	0.329019
178	0.999999
179	0.855737
180	0.634048
181	0.595674
182	0.380876
183	0.72521
184	0.804564
185	0.526147
186	0.538047
187	0.67315
188	0.566018
189	0.448171
190	0.574868
191	0.555789
192	0.484047
193	0.775381
194	0.69443
195	0.471755
196	0.549779
197	0.347848
198	0.695698
199	0.553851
200	0.57425
201	0.57666
202	0.627045
203	0.480046
204	0
205	0
206	0
207	0
208	0
209	0
210	0
211	0
212	0
213	0
214	0
215	0
216	0
217	0
218	0
219	0
220	0
221	0
222	0
223	0
224	0
225	0
226	0
227	0
228	0
229	0
230	0
231	0
232	0
233	0
234	0
235	0
236	0
237	0
238	0
239	0
240	0
241	0
242	0
243	0
244	0
245	0
246	0
247	0
248	0
249	0
250	0
251	0
252	0
253	0
254	0
255	0
256	0
257	0
258	0
259	0
260	0
261	0
262	0
263	0
264	0
265	0
266	0
267	0
268	0
269	0
270	0
271	0
272	0
273	0
274	0
275	0
276	0
277	0
278	0
279	0
280	0
281	0
282	0
283	0
284	0
285	0
286	0
287	0
288	0
289	0
290	0
291	0
292	0
293	0
294	0
295	0
296	0
297	0
298	0
299	0
300	0
301	0
302	0
303	0
304	0
305	0
306	0
307	0
308	0
309	0
310	0
311	0
312	0
313	0
314	0
315	0
316	0
317	0
318	0
319	0
320	0
321	0
322	0
323	0
324	0
325	0
326	0
327	0
328	0
329	0
330	0
331	0
332	0
333	0
334	0
335	0
336	0
337	0
338	0
339	0
340	0
341	0
342	0
343	0
344	0
345	0
346	0
347	0
348	0
349	0
350	0
351	0
352	0
353	0
354	0
355	0
356	0
357	0
358	0
359	0
360	0
361	0
362	0
363	0
364	0
365	0
366	0
367	0
368	0
369	0
370	0
371	0
372	0
373	0
374	0
375	0
376	0
377	0
378	0
379	0
380	0
381	0
382	0
383	0
384	0
385	0
386	0
387	0
388	0
389	0
390	0
391	0
392	0
393	0
394	0
395	0
396	0
397	0
398	0
399	0
400	0
401	0
402	0
403	0
404	0
405	0
406	0
407	0
408	0
409	0
410	0
411	0
412	0
413	0
414	0
415	0
416	0
417	0
418	0
419	0
420	0
421	0
422	0
423	0
424	0
425	0
426	0
427	0
428	0
429	0
430	0
431	0
432	0
433	0
434	0
435	0
436	0
437	0
438	0
439	0
440	0
441	0
442	0
443	0
444	0
445	0
446	0
447	0
448	0
449	0
450	0
451	0
452	0
453	0
454	0
455	0
456	0
457	0
458	0
459	0
460	0
461	0
462	0
463	0
464	0
465	0
466	0
467	0
468	0
469	0
470	0
471	0
472	0
