1	0
2	0
3	0
4	0
5	0
6	0
7	0
8	0
9	0
10	0
11	0
12	0
13	0
14	0
15	0
16	0
17	0
18	0
19	0
20	0
21	0
22	0
23	0
24	0
25	0
26	0
27	0
28	0
29	0
30	0
31	0
32	0
33	0
34	0
35	0
36	0
37	0
38	0.290965
39	0.170345
40	0.430356
41	0.189225
42	0.127239
43	0.290655
44	0.29399
45	0.430356
46	0.247883
47	0.293831
48	0.293831
49	0.290983
50	0.293733
51	0.430356
52	0.170396
53	0.290459
54	0.430356
55	0.430356
56	0.127152
57	0.189225
58	0
59	0.293784
60	0.170346
61	0.290709
62	0.189225
63	0.0727998
64	0.247989
65	0.294217
66	0.170307
67	0.170611
68	0.430356
69	0.427494
70	0.170351
71	1
72	0
73	0
74	0
75	1
76	1
77	0.50378
78	0
79	0
80	0.737505
81	0.642974
82	0.737932
83	1
84	0
85	0.505162
86	1
87	0
88	0
89	1
90	0.296111
91	0.430378
92	0
93	0
94	0
95	0.504256
96	0.637409
97	0.296228
98	0.638155
99	0.744861
100	0.426611
101	0.504381
102	0
103	0
104	0
105	1
106	0
107	1
108	0
109	0
110	1
111	0.504835
112	0
113	1
114	0.503789
115	0.744995
116	0
117	0.737067
118	0
119	0
120	0
121	0
122	0
123	0
124	0
125	0
126	0
127	0.745234
128	0.503652
129	0.637732
130	0.745609
131	0.29606
132	1
133	0
134	0.639196
135	0
136	0.510965
137	0
138	0
139	0
140	0
141	0
142	0
143	0.433787
144	0.503582
145	0.745841
146	0.637732
147	1
148	0.73736
149	0.737779
150	1
151	0.638397
152	0.74539
153	0
154	0
155	0.296359
156	1
157	1
158	1
159	0.504312
160	0.504407
161	0.296073
162	0.50465
163	0.296412
164	1
165	0.744965
166	0.503991
167	0.428371
168	0.742023
169	0
170	0
171	0
172	0
173	0
174	0
175	0
176	0
177	0
178	0
179	0
180	0
181	0
182	0
183	0
184	0
185	0
186	0
187	0
188	0
189	0
190	0
191	0
192	0
193	0
194	0
195	0
196	0
197	0
198	0
199	0
200	0
201	0
202	0
203	0
204	0
205	0
206	0
207	0
208	0
209	0
210	0
211	0
212	0
213	0
214	0
215	0
216	0
217	0
218	0
219	0
220	0
221	0
222	0
223	0
224	0
225	0
226	0
227	0
228	0
229	0
230	0
231	0
232	0
233	0
234	0
235	0
236	0
237	0
238	0
239	0
240	0
241	0
242	0
243	0
244	0
245	0
246	0
247	0
248	0
249	0
250	0
251	0
252	0
253	0
254	0
255	0
256	0
257	0
258	0
259	0
260	0
261	0
262	0
263	0
264	0
265	0
266	0
267	0
268	0
269	0
270	0
271	0
272	0
273	0
274	0
275	0
276	0
277	0
278	0
279	0
280	0
281	0
282	0
283	0
284	0
285	0
286	0
287	0
288	0
289	0
290	0
291	0
292	0
293	0
294	0
295	0
296	0
297	0
298	0
299	0
300	0
301	0
302	0
303	0
304	0
305	0
306	0
307	0
308	0
309	0
310	0
311	0
312	0
313	0
314	0
315	0
316	0
317	0
318	0
319	0
320	0
321	0
322	0
323	0
324	0
325	0
326	0
327	0
328	0
329	0
330	0
331	0
332	0
333	0
334	0
335	0
336	0
337	0
338	0
339	0
340	0
341	0
342	0
343	0
344	0
345	0
346	0
347	0
348	0
349	0
350	0
351	0
352	0
353	0
354	0
355	0
356	0
357	0
358	0
359	0
360	0
361	0
362	0
363	0
364	0
365	0
366	0
367	0
368	0
369	0
370	0
371	0
372	0
373	0
374	0
375	0
376	0
377	0
378	0
379	0
380	0
381	0
382	0
383	0
384	0
385	0
386	0
387	0
388	0
389	0
390	0
391	0
392	0
393	0
394	0
395	0
396	0
397	0
398	0
399	0
400	0
401	0
402	0
403	0
404	0
405	0
406	0
407	0
408	0
409	0
410	0
411	0
412	0
413	0
414	0
415	0
416	0
417	0
418	0
419	0
420	0
421	0
422	0
423	0
424	0
425	0
426	0
427	0
428	0
429	0
430	0
431	0
432	0
433	0
434	0
435	0
436	0
437	0
438	0
439	0
440	0
441	0
442	0
443	0
444	0
445	0
446	0
447	0
448	0
449	0
450	0
451	0
452	0
453	0
454	0
455	0
456	0
457	0
458	0
459	0
460	0
461	0
462	0
463	0
464	0
465	0
466	0
467	0
468	0
469	0
470	0
471	0
472	0
