1	0
2	0
3	0
4	0
5	0
6	0
7	0
8	0
9	0
10	0
11	0
12	0
13	0
14	0
15	0
16	0
17	0
18	0
19	0
20	0
21	0
22	0
23	0
24	0
25	0
26	0
27	0
28	0
29	0
30	0
31	0
32	0
33	0
34	0
35	0
36	0
37	0
38	0
39	0.647554
40	0.455751
41	0.490498
42	0.507344
43	0.440525
44	0.569874
45	0.476846
46	0.50565
47	0.462641
48	0.48426
49	0.378168
50	0.606794
51	0.277537
52	0.238061
53	0.482029
54	0.472875
55	0.510651
56	0.517982
57	0.248429
58	0.450439
59	0.45111
60	0.447613
61	0.497265
62	0.511416
63	0.656234
64	0.544909
65	0.675994
66	0.905761
67	0.999999
68	0.907375
69	0.915953
70	0.739737
71	0.999999
72	0
73	0
74	0
75	0.999999
76	0.999999
77	0.614714
78	0
79	0
80	0.929433
81	0.661606
82	0.654069
83	0.821149
84	0
85	0.482293
86	0.859495
87	0
88	0
89	0.999999
90	0.72238
91	0.570565
92	0
93	0
94	0
95	0.948718
96	0.64577
97	0.667224
98	0.86375
99	0.999999
100	0.949702
101	0.948496
102	0
103	0
104	0
105	0.999999
106	0
107	0.949045
108	0
109	0
110	0.777089
111	0.905714
112	0
113	0.999999
114	0.823738
115	0.53707
116	0
117	0.745926
118	0
119	0
120	0
121	0
122	0
123	0
124	0
125	0
126	0
127	0.953423
128	0.999999
129	0.877247
130	0.842058
131	0.663839
132	0.877247
133	0
134	0.877247
135	0
136	0.750663
137	0
138	0
139	0
140	0
141	0
142	0
143	0.570858
144	0.838521
145	0.806707
146	0.833552
147	0.877247
148	0.877247
149	0.760649
150	0.788835
151	0.558532
152	0.586084
153	0
154	0
155	0.618316
156	0.788835
157	0.788835
158	0.576474
159	0.589762
160	0.686023
161	0.686899
162	0.788835
163	0.472002
164	0.699878
165	0.788835
166	0.658961
167	0.548784
168	0
169	0
170	0
171	0
172	0
173	0
174	0
175	0
176	0
177	0
178	0
179	0
180	0
181	0
182	0
183	0
184	0
185	0
186	0
187	0
188	0
189	0
190	0
191	0
192	0
193	0
194	0
195	0
196	0
197	0
198	0
199	0
200	0
201	0
202	0
203	0
204	0
205	0
206	0
207	0
208	0
209	0
210	0
211	0
212	0
213	0
214	0
215	0
216	0
217	0
218	0
219	0
220	0
221	0
222	0
223	0
224	0
225	0
226	0
227	0
228	0
229	0
230	0
231	0
232	0
233	0
234	0
235	0
236	0
237	0
238	0
239	0
240	0
241	0
242	0
243	0
244	0
245	0
246	0
247	0
248	0
249	0
250	0
251	0
252	0
253	0
254	0
255	0
256	0
257	0
258	0
259	0
260	0
261	0
262	0
263	0
264	0
265	0
266	0
267	0
268	0
269	0
270	0
271	0
272	0
273	0
274	0
275	0
276	0
277	0
278	0
279	0
280	0
281	0
282	0
283	0
284	0
285	0
286	0
287	0
288	0
289	0
290	0
291	0
292	0
293	0
294	0
295	0
296	0
297	0
298	0
299	0
300	0
301	0
302	0
303	0
304	0
305	0
306	0
307	0
308	0
309	0
310	0
311	0
312	0
313	0
314	0
315	0
316	0
317	0
318	0
319	0
320	0
321	0
322	0
323	0
324	0
325	0
326	0
327	0
328	0
329	0
330	0
331	0
332	0
333	0
334	0
335	0
336	0
337	0
338	0
339	0
340	0
341	0
342	0
343	0
344	0
345	0
346	0
347	0
348	0
349	0
350	0
351	0
352	0
353	0
354	0
355	0
356	0
357	0
358	0
359	0
360	0
361	0
362	0
363	0
364	0
365	0
366	0
367	0
368	0
369	0
370	0
371	0
372	0
373	0
374	0
375	0
376	0
377	0
378	0
379	0
380	0
381	0
382	0
383	0
384	0
385	0
386	0
387	0
388	0
389	0
390	0
391	0
392	0
393	0
394	0
395	0
396	0
397	0
398	0
399	0
400	0
401	0
402	0
403	0
404	0
405	0
406	0
407	0
408	0
409	0
410	0
411	0
412	0
413	0
414	0
415	0
416	0
417	0
418	0
419	0
420	0
421	0
422	0
423	0
424	0
425	0
426	0
427	0
428	0
429	0
430	0
431	0
432	0
433	0
434	0
435	0
436	0
437	0
438	0
439	0
440	0
441	0
442	0
443	0
444	0
445	0
446	0
447	0
448	0
449	0
450	0
451	0
452	0
453	0
454	0
455	0
456	0
457	0
458	0
459	0
460	0
461	0
462	0
463	0
464	0
465	0
466	0
467	0
468	0
469	0
470	0
471	0
472	0
