1	0
2	0
3	0
4	0
5	0
6	0
7	0
8	0
9	0
10	0
11	0
12	0
13	0
14	0
15	0
16	0
17	0
18	0
19	0
20	0
21	0
22	0
23	0
24	0
25	0
26	0
27	0
28	0
29	0
30	0
31	0
32	0
33	0
34	0
35	0
36	0
37	0
38	0
39	0
40	0
41	0.999999
42	0.713603
43	0.921666
44	0.60317
45	0.542249
46	0.608396
47	0.582401
48	0.771285
49	0.766486
50	0.910887
51	0.72194
52	0.798543
53	0.834472
54	0.77019
55	0.999999
56	0.528989
57	0.86458
58	0.519069
59	0.806247
60	0.818752
61	0.860201
62	0.681886
63	0.450969
64	0.647357
65	0.419145
66	0.486303
67	0.699308
68	0.598909
69	0.541052
70	0.833461
71	0.866015
72	0
73	0
74	0.682654
75	0.866015
76	0.866015
77	0.476961
78	0
79	0
80	0.654822
81	0.474889
82	0.640298
83	0.518853
84	0
85	0.528882
86	0.696436
87	0
88	0
89	0.604584
90	0.428826
91	0.535414
92	0
93	0
94	0
95	0.710033
96	0.709701
97	0.823062
98	0.764761
99	0.827711
100	0.716388
101	0.773297
102	0
103	0
104	0
105	0.813078
106	0
107	0.692221
108	0.785846
109	0.696367
110	0.685449
111	0.712925
112	0
113	0.999999
114	0.671268
115	0.911008
116	0
117	0.588146
118	0
119	0
120	0
121	0
122	0
123	0
124	0
125	0
126	0
127	0.999999
128	0.916069
129	0.678717
130	0.644877
131	0.645792
132	0.456348
133	0
134	0.59271
135	0
136	0.647807
137	0
138	0
139	0
140	0
141	0
142	0
143	0.678717
144	0.418587
145	0.585948
146	0.426431
147	0.678717
148	0.678717
149	0.583422
150	0.678717
151	0.579353
152	0.595358
153	0
154	0
155	0.413028
156	0.302827
157	0.678717
158	0.62468
159	0.498569
160	0.645813
161	0.44705
162	0.647804
163	0.378346
164	0.678717
165	0.560521
166	0.62635
167	0.593602
168	0.485614
169	0.538656
170	0.740582
171	0.696281
172	0.86463
173	0.821694
174	0.824397
175	0.691746
176	0.623651
177	0.776066
178	0.703296
179	0.738345
180	0.375692
181	0.661585
182	0.779302
183	0.717913
184	0.655286
185	0.349621
186	0.388272
187	0.75267
188	0.501403
189	0.510162
190	0.615916
191	0.625312
192	0.675581
193	0.610024
194	0.576955
195	0.42617
196	0.722282
197	0.738365
198	0.86463
199	0.686148
200	0.590029
201	0
202	0
203	0
204	0
205	0
206	0
207	0
208	0
209	0
210	0
211	0
212	0
213	0
214	0
215	0
216	0
217	0
218	0
219	0
220	0
221	0
222	0
223	0
224	0
225	0
226	0
227	0
228	0
229	0
230	0
231	0
232	0
233	0
234	0
235	0
236	0
237	0
238	0
239	0
240	0
241	0
242	0
243	0
244	0
245	0
246	0
247	0
248	0
249	0
250	0
251	0
252	0
253	0
254	0
255	0
256	0
257	0
258	0
259	0
260	0
261	0
262	0
263	0
264	0
265	0
266	0
267	0
268	0
269	0
270	0
271	0
272	0
273	0
274	0
275	0
276	0
277	0
278	0
279	0
280	0
281	0
282	0
283	0
284	0
285	0
286	0
287	0
288	0
289	0
290	0
291	0
292	0
293	0
294	0
295	0
296	0
297	0
298	0
299	0
300	0
301	0
302	0
303	0
304	0
305	0
306	0
307	0
308	0
309	0
310	0
311	0
312	0
313	0
314	0
315	0
316	0
317	0
318	0
319	0
320	0
321	0
322	0
323	0
324	0
325	0
326	0
327	0
328	0
329	0
330	0
331	0
332	0
333	0
334	0
335	0
336	0
337	0
338	0
339	0
340	0
341	0
342	0
343	0
344	0
345	0
346	0
347	0
348	0
349	0
350	0
351	0
352	0
353	0
354	0
355	0
356	0
357	0
358	0
359	0
360	0
361	0
362	0
363	0
364	0
365	0
366	0
367	0
368	0
369	0
370	0
371	0
372	0
373	0
374	0
375	0
376	0
377	0
378	0
379	0
380	0
381	0
382	0
383	0
384	0
385	0
386	0
387	0
388	0
389	0
390	0
391	0
392	0
393	0
394	0
395	0
396	0
397	0
398	0
399	0
400	0
401	0
402	0
403	0
404	0
405	0
406	0
407	0
408	0
409	0
410	0
411	0
412	0
413	0
414	0
415	0
416	0
417	0
418	0
419	0
420	0
421	0
422	0
423	0
424	0
425	0
426	0
427	0
428	0
429	0
430	0
431	0
432	0
433	0
434	0
435	0
436	0
437	0
438	0
439	0
440	0
441	0
442	0
443	0
444	0
445	0
446	0
447	0
448	0
449	0
450	0
451	0
452	0
453	0
454	0
455	0
456	0
457	0
458	0
459	0
460	0
461	0
462	0
463	0
464	0
465	0
466	0
467	0
468	0
469	0
470	0
471	0
472	0
