1	0
2	0
3	0
4	0
5	0
6	0
7	0
8	0
9	0
10	0
11	0
12	0
13	0
14	0
15	0
16	0
17	0
18	0
19	0
20	0
21	0.615839
22	0.639691
23	0.525009
24	0.668389
25	0.587369
26	0.4947
27	0.506693
28	0.516056
29	0.590479
30	0
31	0.689653
32	0.644653
33	0.608589
34	0.613939
35	0.591724
36	0.455239
37	0.603667
38	0.50766
39	0.47254
40	0.289093
41	0.620961
42	0.536371
43	0.627148
44	0.49196
45	0.468684
46	0.493367
47	0.4806
48	0.541186
49	0.684049
50	0.698429
51	0.640543
52	0.568705
53	0.650355
54	0.5671
55	0.589264
56	0.475854
57	0.443123
58	0.680101
59	0.472426
60	0.615956
61	0.501182
62	0.579008
63	0.487831
64	0.701608
65	0.496378
66	0.539679
67	0.568884
68	0.523005
69	0.671997
70	0.667115
71	0.737142
72	0
73	0
74	0.637604
75	0.73612
76	0.662144
77	0.722248
78	0
79	0
80	0.696144
81	0.697168
82	0.623983
83	0
84	0
85	0.628733
86	0.556001
87	0
88	0
89	0.596507
90	0.57724
91	0.761761
92	0
93	0
94	0
95	0
96	0.753994
97	0.462003
98	0.744149
99	0.62503
100	0.558473
101	0.431465
102	0.000510984
103	0.458622
104	0.531341
105	0.599501
106	0.000523198
107	0.674435
108	0.815245
109	0.612927
110	0.821829
111	0.822312
112	0
113	0.865309
114	0.774713
115	0.734554
116	0
117	0.568342
118	0.785563
119	0.519021
120	0.478202
121	0.619267
122	0.865309
123	0.856372
124	0.67911
125	0.819139
126	0.703875
127	0.650341
128	0.639289
129	0.595259
130	0.699336
131	0.680673
132	0.656321
133	0
134	0.552975
135	0.572252
136	0.646112
137	0
138	0
139	0
140	0
141	0
142	0
143	0.555486
144	0.626571
145	0.651831
146	0.749093
147	0.819056
148	0.69563
149	0.683495
150	0.784733
151	0.761831
152	0.613421
153	0
154	0
155	0.556547
156	0.818984
157	0.784104
158	0.727004
159	0.439241
160	0.745287
161	0.661507
162	0.54236
163	0.819547
164	0.819556
165	0.762533
166	0
167	0
168	0
169	0
170	0
171	0
172	0
173	0
174	0
175	0
176	0
177	0
178	0
179	0
180	0
181	0
182	0
183	0
184	0
185	0
186	0
187	0
188	0
189	0
190	0
191	0
192	0
193	0
194	0
195	0
196	0
197	0
198	0
199	0
200	0
201	0
202	0
203	0
204	0
205	0
206	0
207	0
208	0
209	0
210	0
211	0
212	0
213	0
214	0
215	0
216	0
217	0
218	0
219	0
220	0
221	0
222	0
223	0
224	0
225	0
226	0
227	0
228	0
229	0
230	0
231	0
232	0
233	0
234	0
235	0
236	0
237	0
238	0
239	0
240	0
241	0
242	0
243	0
244	0
245	0
246	0
247	0
248	0
249	0
250	0
251	0
252	0
253	0
254	0
255	0
256	0
257	0
258	0
259	0
260	0
261	0
262	0
263	0
264	0
265	0
266	0
267	0
268	0
269	0
270	0
271	0
272	0
273	0
274	0
275	0
276	0
277	0
278	0
279	0
280	0
281	0
282	0
283	0
284	0
285	0
286	0
287	0
288	0
289	0
290	0
291	0
292	0
293	0
294	0
295	0
296	0
297	0
298	0
299	0
300	0
301	0
302	0
303	0
304	0
305	0
306	0
307	0
308	0
309	0
310	0
311	0
312	0
313	0
314	0
315	0
316	0
317	0
318	0
319	0
320	0
321	0
322	0
323	0
324	0
325	0
326	0
327	0
328	0
329	0
330	0
331	0
332	0
333	0
334	0
335	0
336	0
337	0
338	0
339	0
340	0
341	0
342	0
343	0
344	0
345	0
346	0
347	0
348	0
349	0
350	0
351	0
352	0
353	0
354	0
355	0
356	0
357	0
358	0
359	0
360	0
361	0
362	0
363	0
364	0
365	0
366	0
367	0
368	0
369	0
370	0
371	0
372	0
373	0
374	0
375	0
376	0
377	0
378	0
379	0
380	0
381	0
382	0
383	0
384	0
385	0
386	0
387	0
388	0
389	0
390	0
391	0
392	0
393	0
394	0
395	0
396	0
397	0
398	0
399	0
400	0
401	0
402	0
403	0
404	0
405	0
406	0
407	0
408	0
409	0
410	0
411	0
412	0
413	0
414	0
415	0
416	0
417	0
418	0
419	0
420	0
421	0
422	0
423	0
424	0
425	0
426	0
427	0
428	0
429	0
430	0
431	0
432	0
433	0
434	0
435	0
436	0
437	0
438	0
439	0
440	0
441	0
442	0
443	0
444	0
445	0
446	0
447	0
448	0
449	0
450	0
451	0
452	0
453	0
454	0
455	0
456	0
457	0
458	0
459	0
460	0
461	0
462	0
463	0
464	0
465	0
466	0
467	0
468	0
469	0
470	0
471	0
472	0
