1	0
2	0
3	0
4	0
5	0
6	0
7	0
8	0
9	0
10	0
11	0
12	0
13	0
14	0
15	0
16	0
17	0
18	0
19	0
20	0
21	0
22	0
23	0
24	0
25	0
26	0
27	0
28	0
29	0.290987
30	0.29114
31	0.299027
32	0.291228
33	0.429532
34	0.429532
35	0.291178
36	0.291212
37	0.291056
38	0.291019
39	0.429532
40	0.189358
41	0.189358
42	0.189358
43	0.291326
44	0.429532
45	0.429532
46	0.290795
47	0.189358
48	0.291515
49	0.429532
50	0.291001
51	0.291498
52	0.291232
53	0.429532
54	0.189358
55	0.189358
56	0.189358
57	0.189358
58	0.189358
59	0.429532
60	0.291264
61	0.291212
62	1
63	0.428947
64	0.428947
65	1
66	0.428947
67	0.428947
68	1
69	0.73919
70	0.739771
71	1
72	0
73	0
74	0.73321
75	1
76	0.733537
77	1
78	0
79	0
80	1
81	0.732056
82	0
83	0.732515
84	0
85	0.732682
86	1
87	0
88	0
89	0.732064
90	0.732239
91	0.733405
92	0
93	0
94	0
95	0.732078
96	1
97	0.733509
98	0.732489
99	1
100	0.733151
101	0.731821
102	0
103	0
104	0
105	0.732211
106	0
107	0.733382
108	0.732781
109	0.732848
110	0.732289
111	1
112	0
113	1
114	0.732564
115	0.733509
116	0
117	0.732813
118	0
119	0
120	0
121	0
122	0
123	0
124	0
125	0
126	0
127	1
128	0.731725
129	1
130	1
131	1
132	1
133	0
134	1
135	0.00339886
136	0.732553
137	0
138	0
139	0
140	0
141	0
142	0
143	1
144	0.612569
145	0.733289
146	0.732215
147	1
148	1
149	1
150	1
151	0.510189
152	0.732904
153	0
154	0
155	1
156	0.73197
157	1
158	1
159	1
160	0.731725
161	1
162	0.733509
163	0.733405
164	0.733265
165	1
166	0.428947
167	0.428947
168	0.739614
169	1
170	0.502957
171	0.739838
172	0
173	0
174	0
175	0
176	0
177	0
178	0
179	0
180	0
181	0
182	0
183	0
184	0
185	0
186	0
187	0
188	0
189	0
190	0
191	0
192	0
193	0
194	0
195	0
196	0
197	0
198	0
199	0
200	0
201	0
202	0
203	0
204	0
205	0
206	0
207	0
208	0
209	0
210	0
211	0
212	0
213	0
214	0
215	0
216	0
217	0
218	0
219	0
220	0
221	0
222	0
223	0
224	0
225	0
226	0
227	0
228	0
229	0
230	0
231	0
232	0
233	0
234	0
235	0
236	0
237	0
238	0
239	0
240	0
241	0
242	0
243	0
244	0
245	0
246	0
247	0
248	0
249	0
250	0
251	0
252	0
253	0
254	0
255	0
256	0
257	0
258	0
259	0
260	0
261	0
262	0
263	0
264	0
265	0
266	0
267	0
268	0
269	0
270	0
271	0
272	0
273	0
274	0
275	0
276	0
277	0
278	0
279	0
280	0
281	0
282	0
283	0
284	0
285	0
286	0
287	0
288	0
289	0
290	0
291	0
292	0
293	0
294	0
295	0
296	0
297	0
298	0
299	0
300	0
301	0
302	0
303	0
304	0
305	0
306	0
307	0
308	0
309	0
310	0
311	0
312	0
313	0
314	0
315	0
316	0
317	0
318	0
319	0
320	0
321	0
322	0
323	0
324	0
325	0
326	0
327	0
328	0
329	0
330	0
331	0
332	0
333	0
334	0
335	0
336	0
337	0
338	0
339	0
340	0
341	0
342	0
343	0
344	0
345	0
346	0
347	0
348	0
349	0
350	0
351	0
352	0
353	0
354	0
355	0
356	0
357	0
358	0
359	0
360	0
361	0
362	0
363	0
364	0
365	0
366	0
367	0
368	0
369	0
370	0
371	0
372	0
373	0
374	0
375	0
376	0
377	0
378	0
379	0
380	0
381	0
382	0
383	0
384	0
385	0
386	0
387	0
388	0
389	0
390	0
391	0
392	0
393	0
394	0
395	0
396	0
397	0
398	0
399	0
400	0
401	0
402	0
403	0
404	0
405	0
406	0
407	0
408	0
409	0
410	0
411	0
412	0
413	0
414	0
415	0
416	0
417	0
418	0
419	0
420	0
421	0
422	0
423	0
424	0
425	0
426	0
427	0
428	0
429	0
430	0
431	0
432	0
433	0
434	0
435	0
436	0
437	0
438	0
439	0
440	0
441	0
442	0
443	0
444	0
445	0
446	0
447	0
448	0
449	0
450	0
451	0
452	0
453	0
454	0
455	0
456	0
457	0
458	0
459	0
460	0
461	0
462	0
463	0
464	0
465	0
466	0
467	0
468	0
469	0
470	0
471	0
472	0
