1	0
2	0
3	0
4	0
5	0
6	0
7	0
8	0
9	0
10	0
11	0
12	0
13	0
14	0
15	0
16	0
17	0
18	0
19	0
20	0
21	0
22	0
23	0
24	0
25	0
26	0
27	0
28	0
29	0
30	0
31	0
32	0
33	0
34	0
35	0
36	0
37	0
38	0
39	0
40	0
41	0
42	0.883279
43	0.676817
44	0.453689
45	0.772749
46	0.570092
47	0.46278
48	0.599394
49	0.613826
50	0.629749
51	0.619585
52	0.703579
53	0.630321
54	0.744637
55	0.539581
56	0.591397
57	0.67062
58	0.551803
59	0.634377
60	0.760291
61	0.530684
62	0.723499
63	1
64	1
65	0.839277
66	0.949304
67	1
68	0.756829
69	0.826406
70	1
71	1
72	0
73	0
74	0.824587
75	1
76	1
77	0.754547
78	0
79	0
80	0.74757
81	0.847366
82	0
83	0.851291
84	0
85	0.707529
86	0.873014
87	0
88	0
89	0.777152
90	0.811412
91	0.719786
92	0
93	0
94	0
95	0.847514
96	0.778921
97	0.906518
98	0.805363
99	1
100	0.947472
101	0.873795
102	0
103	0
104	0
105	0.898382
106	0
107	0
108	0.691813
109	1
110	0.902889
111	1
112	0
113	1
114	0
115	0.716354
116	0
117	0.873975
118	0
119	0
120	0
121	0
122	0
123	0
124	0
125	0
126	0
127	1
128	0.852913
129	0.852913
130	0.830433
131	0.681323
132	0.829692
133	1.60717e-05
134	0.829514
135	0.380243
136	0.825552
137	0
138	0
139	0
140	0
141	0
142	0
143	0.701103
144	0.730353
145	0.76025
146	0.834394
147	0.874585
148	0.759347
149	0.75996
150	0.874585
151	0.710234
152	0.676416
153	0
154	0
155	0.826513
156	0.874585
157	0.742718
158	0.829383
159	0.710146
160	0.874585
161	0.874585
162	0.668917
163	0.759772
164	0.795448
165	0.757093
166	0.889804
167	0.548386
168	0.213165
169	0.290238
170	0.38325
171	0.227722
172	0.208326
173	0.406072
174	0.252295
175	0.211617
176	0.182303
177	0.18384
178	0.19742
179	0.211049
180	0.148872
181	0.151814
182	0.124353
183	0.122599
184	0.119595
185	0.139207
186	0.119618
187	0.111441
188	0.113531
189	0.110053
190	0.119305
191	0.111012
192	0.122826
193	0.0771536
194	0.116193
195	0.137682
196	0.120294
197	0.114229
198	0
199	0
200	0
201	0
202	0
203	0
204	0
205	0
206	0
207	0
208	0
209	0
210	0
211	0
212	0
213	0
214	0
215	0
216	0
217	0
218	0
219	0
220	0
221	0
222	0
223	0
224	0
225	0
226	0
227	0
228	0
229	0
230	0
231	0
232	0
233	0
234	0
235	0
236	0
237	0
238	0
239	0
240	0
241	0
242	0
243	0
244	0
245	0
246	0
247	0
248	0
249	0
250	0
251	0
252	0
253	0
254	0
255	0
256	0
257	0
258	0
259	0
260	0
261	0
262	0
263	0
264	0
265	0
266	0
267	0
268	0
269	0
270	0
271	0
272	0
273	0
274	0
275	0
276	0
277	0
278	0
279	0
280	0
281	0
282	0
283	0
284	0
285	0
286	0
287	0
288	0
289	0
290	0
291	0
292	0
293	0
294	0
295	0
296	0
297	0
298	0
299	0
300	0
301	0
302	0
303	0
304	0
305	0
306	0
307	0
308	0
309	0
310	0
311	0
312	0
313	0
314	0
315	0
316	0
317	0
318	0
319	0
320	0
321	0
322	0
323	0
324	0
325	0
326	0
327	0
328	0
329	0
330	0
331	0
332	0
333	0
334	0
335	0
336	0
337	0
338	0
339	0
340	0
341	0
342	0
343	0
344	0
345	0
346	0
347	0
348	0
349	0
350	0
351	0
352	0
353	0
354	0
355	0
356	0
357	0
358	0
359	0
360	0
361	0
362	0
363	0
364	0
365	0
366	0
367	0
368	0
369	0
370	0
371	0
372	0
373	0
374	0
375	0
376	0
377	0
378	0
379	0
380	0
381	0
382	0
383	0
384	0
385	0
386	0
387	0
388	0
389	0
390	0
391	0
392	0
393	0
394	0
395	0
396	0
397	0
398	0
399	0
400	0
401	0
402	0
403	0
404	0
405	0
406	0
407	0
408	0
409	0
410	0
411	0
412	0
413	0
414	0
415	0
416	0
417	0
418	0
419	0
420	0
421	0
422	0
423	0
424	0
425	0
426	0
427	0
428	0
429	0
430	0
431	0
432	0
433	0
434	0
435	0
436	0
437	0
438	0
439	0
440	0
441	0
442	0
443	0
444	0
445	0
446	0
447	0
448	0
449	0
450	0
451	0
452	0
453	0
454	0
455	0
456	0
457	0
458	0
459	0
460	0
461	0
462	0
463	0
464	0
465	0
466	0
467	0
468	0
469	0
470	0
471	0
472	0
