1	0
2	0
3	0
4	0
5	0
6	0
7	0
8	0
9	0
10	0
11	0
12	0
13	0
14	0
15	0
16	0
17	0
18	0.491259
19	0.583749
20	0.461891
21	0.39835
22	0.454754
23	0.460734
24	0.588449
25	0.438199
26	0.352342
27	0.500488
28	0.387046
29	0.456994
30	0.63434
31	0.490391
32	0.473021
33	0.410632
34	0.385329
35	0.361305
36	0.45178
37	0.350993
38	0.460204
39	0.409587
40	0.366311
41	0.432269
42	0.540837
43	0.446248
44	0.46412
45	0.273816
46	0.552872
47	0.516456
48	0.447098
49	0.37653
50	0.306221
51	0.656999
52	0.53476
53	0.280934
54	0.33947
55	0.368573
56	0.536241
57	0.480468
58	0.466438
59	0
60	0
61	0
62	0.478996
63	0.56573
64	0.638299
65	0.597786
66	0.488346
67	0.586163
68	0.581421
69	0.475574
70	0.375321
71	0.813954
72	0.563977
73	0.6677
74	0.709693
75	0.868075
76	0.594228
77	0.702877
78	0.875724
79	0.673962
80	0.528802
81	0.826801
82	0.947874
83	0.5433
84	0.646596
85	0.875058
86	0.686127
87	0.752431
88	0.674673
89	0.732629
90	0.568512
91	0.607789
92	0.646225
93	0
94	0
95	0
96	0.615597
97	0.516079
98	0.534385
99	0.646428
100	0
101	0
102	0
103	0
104	0.665337
105	0.642587
106	0.71699
107	0.753098
108	0.522702
109	0.875157
110	0.916178
111	0.69145
112	0.816842
113	1
114	0.868869
115	0.850397
116	0.86924
117	1
118	1
119	0.64259
120	0.867841
121	0.637943
122	0.486577
123	0.868773
124	0.67732
125	0.868451
126	0.743505
127	0.68801
128	0.724746
129	0.657632
130	0.752688
131	0.86999
132	0.729734
133	0.672127
134	0.607956
135	0.654205
136	0
137	0
138	0.561054
139	0.875787
140	0.6415
141	0.730208
142	0
143	0
144	0
145	0.868503
146	0.609972
147	0.480797
148	0.576822
149	1
150	0.824087
151	0.64871
152	0.715203
153	0.811416
154	1
155	0.676469
156	0.875202
157	0.753535
158	0.607837
159	0.8764
160	0.752802
161	0.812321
162	0.620025
163	0.86924
164	0.752262
165	0.752509
166	0.75291
167	0.867955
168	0.595883
169	0.753127
170	0.812123
171	0.876468
172	0.752336
173	0.868676
174	0.868133
175	1
176	0.723997
177	0.81966
178	0.702321
179	0.487845
180	0.608019
181	0.584673
182	0.367762
183	0.380593
184	0.488964
185	0
186	0
187	0
188	0
189	0
190	0
191	0
192	0
193	0
194	0
195	0.563144
196	0.493268
197	0.384492
198	0.717822
199	0
200	0
201	0
202	0.760347
203	0.606368
204	0.361495
205	0.576314
206	0.753209
207	0.723139
208	0.419559
209	0.646383
210	0.752838
211	0.704197
212	0.53804
213	0.657166
214	1
215	0.71314
216	0.839138
217	0.752998
218	0.561602
219	0.38386
220	0.651277
221	0.724673
222	0
223	0.630791
224	0.868509
225	0.678835
226	0.715307
227	0.875823
228	0.771072
229	0.868258
230	0.707958
231	0.590434
232	0.670104
233	0.684619
234	0.730789
235	0.249568
236	0.275374
237	0.50942
238	0.786904
239	0.537125
240	0.584644
241	0.556715
242	0
243	0.868056
244	0.800692
245	0.514898
246	0.551048
247	0.752826
248	1
249	0.596114
250	0.534512
251	0.570933
252	0.419998
253	0.602423
254	0.675556
255	0
256	0
257	0
258	0
259	0.712317
260	0.53076
261	0.623684
262	0.72302
263	0.548793
264	0.586021
265	0.699767
266	0.542008
267	0.80095
268	0.524747
269	0.529898
270	0.869084
271	0.752446
272	0.752532
273	0.605719
274	0.690787
275	1
276	0.848238
277	0.472927
278	0.588454
279	0.869667
280	0.75296
281	0.613438
282	0.733698
283	0.876135
284	0.565161
285	0.753306
286	0.877224
287	0.753267
288	0.51669
289	0.611997
290	0.580784
291	0.561956
292	0.558755
293	0.793028
294	0.50094
295	0.679053
296	0
297	0
298	0.666997
299	0.752764
300	0
301	0
302	0.559494
303	0.532929
304	0.581119
305	0.609348
306	0.705233
307	0.765204
308	0.68397
309	1
310	0.617417
311	0.688976
312	0.752533
313	0.63038
314	0.827468
315	0.702829
316	0.869303
317	0.819505
318	0.742091
319	1
320	0.875024
321	0.702764
322	1
323	0.955445
324	0.752347
325	0.490104
326	0.499943
327	0.604277
328	0.808444
329	0.713693
330	0.673863
331	0.457718
332	0.517436
333	0.522875
334	0.372623
335	0.68348
336	0.472102
337	0
338	0.394277
339	0.545498
340	0
341	0.868877
342	0.799446
343	0.534255
344	0.752274
345	0.380678
346	0.705337
347	0.706086
348	0.532384
349	0.504234
350	0.810524
351	0.550114
352	0.492768
353	0.76142
354	0.787489
355	0.714969
356	0.526106
357	0.868553
358	0.75266
359	0.752364
360	0.671684
361	0.753088
362	0.753306
363	0.542872
364	0.868608
365	1
366	0.752838
367	0.56265
368	0.86826
369	1
370	0.809544
371	0.789077
372	0.869303
373	0.608356
374	0.753696
375	0.688982
376	0.782779
377	0.808354
378	0.734338
379	0.753165
380	0.857477
381	0.684094
382	0.617561
383	0.66658
384	0.68475
385	0.634365
386	0.674002
387	0.673376
388	0.679368
389	0.578496
390	0.563667
391	0
392	0
393	0
394	0
395	0
396	0
397	0.673337
398	0.578442
399	0.433124
400	0.650063
401	0.577966
402	0.5771
403	0.577074
404	0.47957
405	0.578377
406	0.578512
407	0.578671
408	0.59515
409	0.57077
410	0.501872
411	0.45512
412	0.526015
413	0.746011
414	0.839467
415	0.565898
416	0.75325
417	0.844859
418	0.876468
419	0.759747
420	0.628359
421	0.568255
422	0.511341
423	0.378253
424	0.347629
425	0.425237
426	0
427	0
428	0
429	0
430	0
431	0
432	0
433	0
434	0
435	0
436	0
437	0
438	0
439	0
440	0
441	0
442	0
443	0
444	0
445	0
446	0
447	0
448	0
449	0
450	0
451	0
452	0
453	0
