1	0
2	0
3	0
4	0.000222445
5	0.000222445
6	0.000222445
7	0.000222445
8	0.000222445
9	0.00160747
10	0.00160715
11	0.00160756
12	0.00160792
13	0.00514201
14	0.018646
15	0.0184879
16	0.0262158
17	0.0262361
18	0.0280843
19	0.0295968
20	0.0379571
21	0.0509547
22	0.0613182
23	0.0716865
24	0.095276
25	0.087306
26	0.0776762
27	0.0738937
28	0.152908
29	0.147357
30	0.176917
31	0.0824523
32	0.307294
33	0.24859
34	0.234769
35	0.336499
36	0.266972
37	0.214223
38	0.248115
39	0.264445
40	0.346929
41	0.325862
42	0.288403
43	0.236464
44	0.292564
45	0.302766
46	0.191572
47	0.204836
48	0.196414
49	0.266017
50	0.607614
51	0.902923
52	0.199819
53	0.427952
54	0.201586
55	0.281671
56	0.257942
57	0.230294
58	0.210446
59	0.000220587
60	0.000220587
61	0.000220587
62	0.645041
63	0.336926
64	0.493786
65	0.241034
66	0.737836
67	0.686154
68	0.766959
69	0.37439
70	0.425699
71	0.895523
72	0.570696
73	0.672796
74	0.665415
75	0.758434
76	0.430342
77	0.438477
78	0.834021
79	0.613736
80	0.604172
81	1
82	1
83	0.463299
84	0.791055
85	1
86	0.469012
87	0.561275
88	0.619565
89	0.415954
90	0.333826
91	0.270573
92	0.320956
93	0
94	0
95	0
96	0.603585
97	0.513722
98	0.535539
99	0.534009
100	0
101	0
102	0
103	0.000219244
104	0.636916
105	0.44984
106	1
107	0.69738
108	0.425995
109	0.691855
110	0.912469
111	0.808767
112	0.720837
113	0.911106
114	0.820351
115	0.606735
116	0.769793
117	1
118	0.772389
119	0.833447
120	0.807392
121	0.622935
122	0.488518
123	0.776767
124	0.844831
125	1
126	0.740346
127	0.761912
128	0.638505
129	0.404001
130	0.401922
131	0.48675
132	0.450546
133	0.235961
134	0.00507602
135	0
136	0
137	0
138	0.369898
139	1
140	0.549849
141	0.841929
142	0
143	0
144	0
145	0.821911
146	0.342249
147	0.415505
148	0.567091
149	1
150	0.827513
151	0.391524
152	0.490335
153	0.313601
154	0.482554
155	0.543087
156	0.698545
157	0.204244
158	0.481144
159	0.641527
160	0.754249
161	0.650398
162	0.547598
163	0.603902
164	0.433946
165	0.769957
166	0.639705
167	0.698376
168	0.473023
169	0.693641
170	0.693321
171	0.695164
172	0.467595
173	1
174	1
175	0.904156
176	0.675685
177	0.817638
178	0.82541
179	0.845436
180	0.637247
181	0.000219244
182	0.000219244
183	0.000219244
184	0.000219244
185	0.000219244
186	0.739947
187	0.493012
188	0.21719
189	0.448547
190	0.370615
191	0.419903
192	0.219095
193	0.265434
194	0.00506311
195	0.000219244
196	0.000219244
197	0.000219244
198	0.010492
199	0.00022223
200	0.00022223
201	0.00022223
202	0.512687
203	0.427929
204	0.360016
205	0.252305
206	0.433252
207	0.541907
208	0.410232
209	0.52499
210	0.679884
211	0.51586
212	0.331797
213	0.558493
214	1
215	0.420546
216	0.563016
217	0.609976
218	0.393656
219	0.454732
220	0.539355
221	0.579544
222	0.000222639
223	0.572371
224	0.909712
225	0.303292
226	0.541085
227	0.557077
228	0.730968
229	0.251123
230	0.327142
231	0.260332
232	0.220056
233	0.207095
234	0.288111
235	0.272803
236	0.238973
237	0.229579
238	0.162734
239	0.127261
240	0.0180173
241	0.0048176
242	0.000220587
243	1
244	0.248643
245	0.20241
246	0.197246
247	0.416487
248	0.341017
249	0.143586
250	0.0856767
251	0.0171997
252	0.0182804
253	0.00477601
254	0.000222639
255	0.0202713
256	0.0435044
257	0.0874214
258	0.135815
259	0.508757
260	0.413788
261	0.183111
262	0.427106
263	0.243516
264	0.338731
265	0.337099
266	0.349968
267	0.227879
268	0.293727
269	0.369653
270	0.512877
271	0.924355
272	0.75704
273	0.44323
274	0.673943
275	1
276	0.687086
277	0.47294
278	0.557752
279	0.832118
280	0.339065
281	0.340029
282	1
283	1
284	0.303565
285	0.307219
286	0.685459
287	0.560734
288	0.490433
289	0.592688
290	1
291	0.40483
292	0.403415
293	0.601266
294	0.398749
295	0.459683
296	0
297	0
298	0.123598
299	0.400599
300	0.00511674
301	0.00512156
302	0.749792
303	0.370236
304	0.751467
305	0.90409
306	0.50556
307	0.771576
308	0.5605
309	0.60067
310	0.560758
311	0.450607
312	0.67447
313	0.545193
314	0.387786
315	0.561474
316	0.788895
317	0.500595
318	0.580527
319	0.524844
320	0.762464
321	0.353071
322	1
323	0.771547
324	0.674637
325	0.449894
326	0.542341
327	0.575481
328	0.712626
329	0.529245
330	0.375598
331	0.575554
332	0.386917
333	0.28533
334	0.231849
335	0.281075
336	0.153187
337	0.0904079
338	0.208735
339	0.0780122
340	0.000221102
341	0.0283065
342	0.292649
343	0.281166
344	0.746218
345	0.258721
346	0.207807
347	0.451965
348	0.339603
349	0.285619
350	0.508602
351	0.49317
352	0.332096
353	0.619101
354	0.299233
355	0.337128
356	0.668138
357	0.901027
358	0.678699
359	0.324124
360	0.778294
361	0.689306
362	0.423365
363	0.340105
364	0.807478
365	0.741127
366	0.89592
367	0.642933
368	1
369	1
370	0.511324
371	0.752078
372	1
373	0.740972
374	1
375	0.561715
376	0.903324
377	0.471443
378	0.729022
379	0.758669
380	0.648832
381	0.228147
382	0.251467
383	0.415942
384	0.20737
385	0.234779
386	0.375277
387	0.508873
388	0.207256
389	0.0300266
390	0.0298908
391	0.0326394
392	0.0365741
393	0.029789
394	0.0302125
395	0.0274699
396	0.0274031
397	0.288724
398	0.175206
399	0.307623
400	0.24049
401	0.184306
402	0.120849
403	0.311718
404	0.216729
405	0.261017
406	0.153802
407	0.209376
408	0.237523
409	0.280958
410	0.213557
411	0.307049
412	0.323371
413	0.203741
414	0.285944
415	0.164642
416	0.327118
417	0.317589
418	0.312653
419	0.536647
420	0.342069
421	0.257891
422	0.20407
423	0.25872
424	0.197643
425	0.180797
426	0.235233
427	0.0985205
428	0.0776818
429	0.0936161
430	0.0867223
431	0.0306573
432	0.0293547
433	0.0321494
434	0.0306546
435	0.0111957
436	0.0016349
437	0.000222685
438	0.000222685
439	0.000222685
440	0.000222685
441	0.000222685
442	0.000222685
443	0.000222685
444	0.000222685
445	0.000222685
446	0.000222685
447	0.000222685
448	0.000222685
449	0.000222685
450	0.000222685
451	0
452	0
453	0
