1	4.13802e-08
2	4.13802e-08
3	4.13802e-08
4	3.23061e-07
5	3.22905e-07
6	3.23e-07
7	3.23336e-07
8	3.23352e-07
9	1.07405e-06
10	1.07418e-06
11	1.07439e-06
12	1.0742e-06
13	2.52937e-06
14	8.26516e-06
15	8.25956e-06
16	1.87169e-05
17	1.8879e-05
18	2.6377e-05
19	2.65226e-05
20	3.5451e-05
21	6.04671e-05
22	7.62701e-05
23	0.000138148
24	0.043784
25	0.043343
26	0.0479
27	0.048202
28	0.057936
29	0.052697
30	0.0526847
31	0.0468793
32	0.0660051
33	0.0637469
34	0.0489887
35	0.0634663
36	0.0464565
37	0.0507173
38	0.0421441
39	0.0539976
40	0.0541637
41	0.0619919
42	0.0518464
43	0.0665534
44	0.047974
45	0.0600468
46	0.0565712
47	0.0564228
48	0.0860137
49	0.0414852
50	0.0586529
51	0.12077
52	0.051405
53	0.00709802
54	0.00910301
55	0.0100797
56	0.0131667
57	0.0338199
58	0.0521764
59	2.0389e-05
60	8.73016e-06
61	1.11733e-06
62	0.0716013
63	0.0624791
64	0.0629852
65	0.0832018
66	0.2107
67	0.195832
68	0.198442
69	0.236845
70	0.315757
71	0.33095
72	0.246494
73	0.356964
74	0.410678
75	0.322036
76	0.372853
77	0.38198
78	0.533803
79	0.420276
80	0.342052
81	0.548549
82	0.935121
83	0.309111
84	0.457341
85	0.571698
86	0.444573
87	0.228425
88	0.330663
89	0.354376
90	0.162068
91	0.151617
92	0.0737189
93	0.0185285
94	0.014271
95	0.000655929
96	0.110684
97	0.100262
98	0.127752
99	0.12787
100	0.00340405
101	0.0150403
102	1.09547e-06
103	5.12919e-06
104	0.222824
105	0.235476
106	0.267224
107	0.20689
108	0.258904
109	0.464738
110	0.479553
111	0.31701
112	0.506824
113	0.832982
114	0.617423
115	0.374634
116	0.551766
117	0.787273
118	0.501613
119	0.514054
120	0.274202
121	0.279197
122	0.364202
123	0.240343
124	0.313228
125	0.615773
126	0.386006
127	0.108698
128	0.274699
129	0.182787
130	0.124611
131	0.0946833
132	0.168939
133	0.0353618
134	0.0300712
135	8.207e-05
136	0.0601001
137	0.024133
138	0.0678817
139	0.35087
140	0.0971064
141	0.248387
142	0.00177411
143	0.00272301
144	0.00380984
145	0.363636
146	0.0629579
147	0.141016
148	0.243791
149	0.751074
150	0.269127
151	0.351158
152	0.148603
153	0.115823
154	0.22734
155	0.356312
156	0.132281
157	0.132152
158	0.241994
159	0.31371
160	0.19034
161	0.267607
162	0.372901
163	0.562229
164	0.400106
165	0.332478
166	0.311424
167	0.600465
168	0.316417
169	0.364292
170	0.528658
171	0.60363
172	0.399078
173	0.566896
174	0.81399
175	0.585535
176	0.328766
177	0.328524
178	0.535967
179	0.279461
180	0.249707
181	0.00187475
182	0.00128853
183	0.000995309
184	3.83309e-05
185	5.09234e-06
186	0.355996
187	0.154718
188	0.0905349
189	0.180465
190	0.0742588
191	0.103159
192	0.0920946
193	0.124801
194	1.36538e-05
195	1.98931e-05
196	0.00060252
197	0.00191062
198	0.00258488
199	4.20389e-08
200	4.20389e-08
201	4.20389e-08
202	0.319184
203	0.168639
204	0.179132
205	0.12218
206	0.385557
207	0.179029
208	0.210756
209	0.285471
210	0.356115
211	0.307843
212	0.302008
213	0.410106
214	0.896688
215	0.357789
216	0.330795
217	0.459236
218	0.331922
219	0.38495
220	0.280366
221	0.317473
222	0.0626978
223	0.341898
224	0.620851
225	0.173664
226	0.224737
227	0.135536
228	0.0682014
229	0.0345022
230	0.112004
231	0.0754173
232	0.055481
233	0.0470915
234	0.0522531
235	0.049279
236	0.052251
237	0.0507313
238	0.0559531
239	0.0565835
240	0.0467148
241	0.0323909
242	0.0174384
243	0.570636
244	0.0665751
245	0.0881198
246	0.0460146
247	0.0667724
248	0.0768845
249	0.0448369
250	0.0334559
251	0.0218506
252	0.014297
253	0.00898229
254	0.00667853
255	0.0060213
256	0.0172207
257	0.035164
258	0.0405652
259	0.0565357
260	0.0546831
261	0.0738471
262	0.124306
263	0.191263
264	0.125464
265	0.214932
266	0.126555
267	0.115304
268	0.191418
269	0.290069
270	0.295472
271	0.132989
272	0.523592
273	0.303877
274	0.382176
275	0.630979
276	0.422336
277	0.315748
278	0.368505
279	0.373858
280	0.27899
281	0.215821
282	0.358129
283	0.532506
284	0.182214
285	0.162392
286	0.453005
287	0.182096
288	0.189673
289	0.177746
290	0.409148
291	0.132955
292	0.170147
293	0.0697229
294	0.129039
295	0.0530707
296	0.01779
297	0.0254356
298	0.0557825
299	0.10131
300	0.090845
301	0.0991954
302	0.167047
303	0.138206
304	0.401081
305	0.221111
306	0.20818
307	0.306571
308	0.238878
309	0.352077
310	0.264497
311	0.297871
312	0.42077
313	0.405728
314	0.300282
315	0.371156
316	0.573848
317	0.33232
318	0.431303
319	0.590011
320	0.567884
321	0.326162
322	0.972906
323	0.383547
324	0.229218
325	0.376302
326	0.193826
327	0.113017
328	0.344285
329	0.303779
330	0.0812099
331	0.151677
332	0.221937
333	0.0596849
334	0.00711772
335	0.00588741
336	0.00524814
337	3.7781e-05
338	0.0527894
339	0.0439057
340	0.0401643
341	0.0630967
342	0.0548376
343	0.0108119
344	0.0168438
345	0.0128665
346	0.0193122
347	0.0427383
348	0.0394229
349	0.0480502
350	0.115778
351	0.0409289
352	0.0686687
353	0.201364
354	0.137255
355	0.0684225
356	0.291389
357	0.26549
358	0.131791
359	0.188817
360	0.556216
361	0.363754
362	0.203043
363	0.29396
364	0.502499
365	0.518158
366	0.355304
367	0.358971
368	0.617326
369	0.851635
370	0.418957
371	0.539611
372	0.760288
373	0.197191
374	0.403854
375	0.204244
376	0.264579
377	0.157337
378	0.116799
379	0.452813
380	0.421904
381	0.179473
382	0.0951248
383	0.327573
384	0.143598
385	0.107231
386	0.173634
387	0.258166
388	0.0771605
389	0.0263723
390	0.0124627
391	0.00382712
392	0.00224961
393	0.00105469
394	0.000368717
395	0.000366758
396	0.000208184
397	0.107135
398	0.0832573
399	0.0642868
400	0.0525399
401	0.0490601
402	0.0478299
403	0.0420911
404	0.0646511
405	0.0678713
406	0.071747
407	0.0521647
408	0.0479573
409	0.0599406
410	0.0465783
411	0.050799
412	0.0552266
413	0.0575013
414	0.0796205
415	0.0571938
416	0.0600629
417	0.0699093
418	0.0594456
419	0.0633821
420	0.0609616
421	0.0488305
422	0.0546707
423	0.0529588
424	0.0578846
425	0.0531431
426	0.0556926
427	0.0503824
428	0.046695
429	0.047687
430	0.0481508
431	1.94196e-05
432	1.9388e-05
433	1.95395e-05
434	1.94164e-05
435	8.37676e-06
436	2.51067e-06
437	1.0777e-06
438	1.07203e-06
439	1.07772e-06
440	1.07091e-06
441	1.07113e-06
442	1.07132e-06
443	1.0712e-06
444	3.2267e-07
445	3.23205e-07
446	3.23179e-07
447	3.23003e-07
448	3.22827e-07
449	3.26037e-07
450	3.22983e-07
451	4.1449e-08
452	4.1449e-08
453	4.1449e-08
