1	0
2	0
3	0
4	0.00084509
5	0.00084509
6	0.00084509
7	0.00084509
8	0.00084509
9	0.00084509
10	0.00084509
11	0.00084509
12	0.00084509
13	0.00084509
14	0.00558847
15	0.00558346
16	0.0150881
17	0.0151113
18	0.0150918
19	0.0150937
20	0.0280501
21	0.047337
22	0.0382109
23	0.0601737
24	0.0590759
25	0.0454558
26	0.0594038
27	0.0411555
28	0.206106
29	0.0540202
30	0.147946
31	0.0044011
32	0.21385
33	0.192974
34	0.239251
35	0.264404
36	0.222267
37	0.116994
38	0.130647
39	0.216392
40	0.392729
41	0.571768
42	0.332895
43	0.18623
44	0.193874
45	0.331791
46	0.119935
47	0.127044
48	0.178393
49	0.188521
50	0.578688
51	1
52	0.17854
53	0.708565
54	0.125075
55	0.386425
56	0.562369
57	0.547978
58	0.470793
59	0
60	0
61	0
62	0.549741
63	0.355533
64	0.392602
65	0.27287
66	0.715458
67	0.629059
68	0.854905
69	0.490915
70	0.423116
71	0.829063
72	0.554211
73	0.682442
74	0.634457
75	0.613108
76	0.370361
77	0.485774
78	0.854324
79	0.653148
80	0.600665
81	1
82	1
83	0.332203
84	0.79818
85	1
86	0.588379
87	0.572601
88	0.526954
89	0.484675
90	0.28293
91	0.1785
92	0.45581
93	0
94	0
95	0
96	0.633857
97	0.729325
98	0.619822
99	0.571156
100	0
101	0
102	0
103	0.000831377
104	0.428291
105	0.565021
106	1
107	0.660722
108	0.352542
109	0.684749
110	1
111	1
112	0.830095
113	0.847395
114	1
115	0.62148
116	0.698596
117	1
118	0.767045
119	0.878929
120	0.830139
121	0.585492
122	0.450183
123	0.786821
124	0.738287
125	1
126	0.858356
127	0.692278
128	0.553371
129	0.274462
130	0.460362
131	0.487348
132	0.619457
133	0.206676
134	0.0166226
135	0
136	0
137	0
138	0.234385
139	1
140	0.574996
141	0.830139
142	0
143	0
144	0
145	0.700335
146	0.206699
147	0.306621
148	0.505642
149	1
150	0.715673
151	0.407169
152	0.437129
153	0.392268
154	0.576934
155	0.402946
156	1
157	0.181872
158	0.356344
159	0.55731
160	0.674654
161	0.465922
162	0.557584
163	0.535317
164	0.460024
165	0.698746
166	0.72101
167	0.602473
168	0.332967
169	0.698052
170	0.548362
171	0.721193
172	0.489412
173	1
174	1
175	1
176	0.557086
177	1
178	0.791854
179	0.757219
180	0.577961
181	0.000831377
182	0.000831377
183	0.000831377
184	0.000831377
185	0.000831377
186	0.606073
187	0.399206
188	0.221384
189	0.456514
190	0.353319
191	0.341749
192	0.221282
193	0.388723
194	0.00558681
195	0.000831377
196	0.000831377
197	0.000831377
198	0.0165651
199	0.000847783
200	0.000847783
201	0.000847783
202	0.697531
203	0.464472
204	0.371774
205	0.341092
206	0.577712
207	0.464795
208	0.348276
209	0.376419
210	0.700117
211	0.449448
212	0.349249
213	0.522142
214	1
215	0.276297
216	0.617391
217	0.758139
218	0.379518
219	0.267995
220	0.586959
221	0.509031
222	0.000848161
223	0.388038
224	0.846099
225	0.358576
226	0.447333
227	0.396064
228	0.627121
229	0.347583
230	0.33254
231	0.110767
232	0.28668
233	0.116302
234	0.438676
235	0.182888
236	0.343507
237	0.241726
238	0.110455
239	0.116273
240	0.00084509
241	0.00084509
242	0
243	1
244	0.216759
245	0.274223
246	0.186539
247	0.580087
248	0.246078
249	0.0905549
250	0.0924848
251	0.0147831
252	0.0147917
253	0.0147851
254	0.000848161
255	0.0569024
256	0.062046
257	0.0734557
258	0.191307
259	0.544497
260	0.594095
261	0.179716
262	0.444771
263	0.171858
264	0.256431
265	0.276868
266	0.269381
267	0.185014
268	0.377106
269	0.497672
270	0.606873
271	0.87433
272	0.698746
273	0.43581
274	0.596213
275	1
276	0.773161
277	0.384291
278	0.475571
279	0.854977
280	0.263312
281	0.45905
282	1
283	1
284	0.361394
285	0.208628
286	0.830677
287	0.46835
288	0.540437
289	0.738856
290	1
291	0.454469
292	0.473507
293	0.601643
294	0.430004
295	0.571826
296	0
297	0
298	0.0902136
299	0.473363
300	0.00637324
301	0.00637324
302	0.699341
303	0.306002
304	0.730762
305	1
306	0.530969
307	0.728237
308	0.605726
309	0.623798
310	0.464698
311	0.457457
312	0.577297
313	0.589743
314	0.342542
315	0.537062
316	0.660693
317	0.425103
318	0.405498
319	0.547473
320	0.697411
321	0.288798
322	1
323	0.708497
324	0.829447
325	0.247624
326	0.528265
327	0.610532
328	0.786477
329	0.521804
330	0.23953
331	0.542798
332	0.25713
333	0.281353
334	0.260236
335	0.291276
336	0.179783
337	0.239267
338	0.283705
339	0.0147118
340	0
341	0
342	0.281759
343	0.266721
344	1
345	0.283033
346	0.142453
347	0.650594
348	0.317996
349	0.264707
350	0.614767
351	0.566856
352	0.318944
353	0.586187
354	0.114881
355	0.384797
356	0.866861
357	1
358	0.544839
359	0.360437
360	0.712039
361	0.660824
362	0.355865
363	0.280927
364	0.756265
365	0.845479
366	0.82943
367	0.463013
368	1
369	1
370	0.607626
371	0.699199
372	1
373	0.719456
374	1
375	0.565244
376	1
377	0.545143
378	0.706342
379	1
380	0.855633
381	0.360688
382	0.481015
383	0.654247
384	0.272967
385	0.217263
386	0.363526
387	0.699804
388	0.265595
389	0.0310366
390	0.0369461
391	0.030983
392	0.0447864
393	0.0266451
394	0.0375513
395	0.0310468
396	0.0266722
397	0.277944
398	0.110837
399	0.320664
400	0.208141
401	0.0784445
402	0.114051
403	0.250723
404	0.221984
405	0.280994
406	0.141103
407	0.136476
408	0.24836
409	0.18322
410	0.295487
411	0.283933
412	0.208673
413	0.1986
414	0.142261
415	0.187127
416	0.515906
417	0.253219
418	0.243727
419	0.52306
420	0.305879
421	0.250297
422	0.124909
423	0.24767
424	0.126751
425	0.0953595
426	0.109693
427	0.0768981
428	0.060312
429	0.0769214
430	0.0768905
431	0.072459
432	0.0620672
433	0.0838741
434	0.0724526
435	0.0348654
436	0.0058595
437	0.000859637
438	0.000859637
439	0.000859637
440	0.000859637
441	0.000859637
442	0.000859637
443	0.000859637
444	0.000859637
445	0.000859637
446	0.000859637
447	0.000859637
448	0.000859637
449	0.000859637
450	0.000859637
451	0
452	0
453	0
