1	0
2	0
3	0
4	0
5	0
6	0
7	0
8	0
9	0
10	0
11	0
12	0
13	0
14	0
15	0
16	0
17	0
18	0
19	0
20	0
21	0
22	0
23	0
24	0
25	0
26	0
27	0
28	0.535341
29	0.563331
30	0.379803
31	0.384382
32	0.30336
33	0.555767
34	0.422604
35	0.326965
36	0.471044
37	0.676822
38	0.541606
39	0.304506
40	0.546351
41	0.693735
42	0.679929
43	0.556937
44	0.657841
45	0.787371
46	0.481509
47	0.555866
48	0.345829
49	0.552941
50	0.787903
51	0.722594
52	0.467714
53	0.693529
54	0.306094
55	0.373249
56	0.48311
57	0.604355
58	0.613831
59	2.18039e-05
60	2.18039e-05
61	2.18039e-05
62	0.639328
63	0.545263
64	0.60215
65	0.49383
66	0.633032
67	0.792763
68	0.75101
69	0.662695
70	0.848437
71	0.848437
72	0.793849
73	0.716402
74	0.848437
75	0.848437
76	0.652806
77	0.601927
78	0.848437
79	0.611147
80	0.594128
81	0.848437
82	0.848437
83	0.371625
84	0.60739
85	0.775874
86	0.659674
87	0.66726
88	0.645498
89	0.809373
90	0.413019
91	0.585789
92	0.658025
93	0
94	0
95	0
96	0.715802
97	0.720932
98	0.750357
99	0.452061
100	0
101	0
102	0
103	0
104	0.598971
105	0.684624
106	0.848437
107	0.530596
108	0.812686
109	0.750013
110	0.735058
111	0.668643
112	0.73921
113	0.735058
114	0.735058
115	0.489071
116	0.650927
117	0.650927
118	0.744327
119	0.619238
120	0.744327
121	0.655953
122	0.641976
123	0.744327
124	0.634341
125	0.744327
126	0.744327
127	0.598636
128	0.627161
129	0.477665
130	0.685529
131	0.383959
132	0.508877
133	0.494336
134	0.456471
135	0
136	0
137	0
138	0.454069
139	0.744327
140	0.414422
141	0.695333
142	0
143	0
144	0
145	0.636493
146	0.540656
147	0.437896
148	0.617977
149	0.744327
150	0.657373
151	0.537529
152	0.657491
153	0.690589
154	0.656128
155	0.498448
156	0.610581
157	0.529373
158	0.398431
159	0.744327
160	0.657064
161	0.629776
162	0.744327
163	0.601533
164	0.668364
165	0.715458
166	0.686277
167	0.644662
168	0.61698
169	0.655953
170	0.65745
171	0.744327
172	0.469604
173	0.744327
174	0.744327
175	0.744327
176	0.60504
177	0.656749
178	0.685168
179	0.744327
180	0.744327
181	0
182	0
183	0
184	0
185	0
186	0.744327
187	0.656363
188	0.595546
189	0.694783
190	0.616458
191	0.734535
192	0.571093
193	0.845136
194	0
195	0
196	0
197	0
198	0
199	0
200	0
201	0
202	0.681078
203	0.600817
204	0.504219
205	0.551858
206	0.617265
207	0.581729
208	0.538009
209	0.620386
210	0.748465
211	0.506819
212	0.415489
213	0.449949
214	0.845136
215	0.38863
216	0.752274
217	0.720139
218	0.521335
219	0.685651
220	0.609455
221	0.7141
222	0
223	0.426635
224	0.845136
225	0.537779
226	0.422372
227	0.456783
228	0.747512
229	0.52413
230	0.63463
231	0.590519
232	0.891402
233	0.519
234	0.856221
235	0.50478
236	0.410806
237	0.647677
238	0.484961
239	0.819782
240	0
241	0
242	0
243	1
244	0.779439
245	0.717977
246	0.703922
247	0.851977
248	1
249	0.533322
250	0.750455
251	0
252	0
253	0
254	0
255	0.614501
256	0.480412
257	0.531118
258	0.307406
259	1
260	0.693393
261	0.489962
262	0.82338
263	0.834108
264	0.89143
265	0.891781
266	0.855687
267	0.770093
268	1
269	0.524439
270	0.844973
271	1
272	0.892876
273	0.724274
274	0.89236
275	1
276	0.897307
277	0.870912
278	0.874159
279	1
280	0.808235
281	0.618953
282	0.961827
283	1
284	0.813577
285	0.813377
286	1
287	0.960636
288	0.589989
289	0.855907
290	1
291	0.890272
292	0.669541
293	0.823151
294	0.776149
295	0.747703
296	0
297	0
298	0.891518
299	0.864597
300	0
301	0
302	1
303	0.443168
304	0.742767
305	0.788521
306	0.962827
307	0.837681
308	1
309	1
310	0.891597
311	0.641899
312	1
313	0.834003
314	0.658899
315	0.701152
316	1
317	1
318	0.929237
319	0.863688
320	1
321	0.833759
322	1
323	1
324	0.932671
325	0.860371
326	0.648746
327	0.449662
328	0.77812
329	0.672179
330	0.674967
331	0.730338
332	0.857757
333	0.933213
334	0.669456
335	0.501598
336	0.661955
337	0.8143
338	0.646251
339	0
340	0
341	0
342	0.428099
343	0.489624
344	0.890395
345	0.678464
346	0.70531
347	0.786972
348	0.73557
349	0.737036
350	0.890272
351	0.891502
352	0.692533
353	0.89159
354	0.616489
355	0.763858
356	1
357	1
358	1
359	0.817505
360	0.89236
361	0.921151
362	0.756521
363	0.924547
364	1
365	0.919417
366	1
367	0.679722
368	1
369	1
370	0.809077
371	0.961257
372	1
373	0.775515
374	1
375	0.809044
376	1
377	0.940006
378	0.784845
379	1
380	0.700562
381	0.826853
382	0.858224
383	0.89143
384	0.7156
385	0.792333
386	0.845422
387	0.733039
388	0.510826
389	0
390	0
391	0
392	0
393	0
394	0
395	0
396	0
397	0.418451
398	0.39058
399	0.371097
400	0.446014
401	0.425221
402	0.434036
403	0.732573
404	0.364375
405	0.607153
406	0.434548
407	0.491542
408	0.655378
409	0.580243
410	0.520898
411	0.442732
412	0.28108
413	0.39703
414	0.592877
415	0.566811
416	0.646694
417	0.674458
418	0.410704
419	0.732573
420	0.674713
421	0.354067
422	0.576783
423	0.812321
424	0.660602
425	0.71688
426	0.612814
427	0.717475
428	0.615583
429	0.747214
430	0.691949
431	0.665823
432	0.469794
433	0.522864
434	0.539958
435	0
436	0
437	0
438	0
439	0
440	0
441	0
442	0
443	0
444	0
445	0
446	0
447	0
448	0
449	0
450	0
451	0
452	0
453	0
