1	0
2	0
3	0
4	0
5	0
6	0
7	0
8	0
9	0
10	0
11	0
12	0
13	0
14	0
15	0
16	0
17	0
18	0
19	0
20	0.332332
21	0.374086
22	0.385113
23	0.440808
24	0.337413
25	0.362371
26	0.470963
27	0.335065
28	0.385521
29	0.263158
30	0.356458
31	0.363253
32	0.227592
33	0.184642
34	0.245139
35	0.269414
36	0.211785
37	0.449244
38	0.504191
39	0.28386
40	0.533206
41	0.520149
42	0.239809
43	0.46053
44	0.684414
45	0.641477
46	0.565751
47	0.436314
48	0.582769
49	0.446896
50	0.684081
51	0.684004
52	0.260196
53	0.684757
54	0.342904
55	0.434382
56	0.739467
57	0.51299
58	0.6202
59	0
60	0
61	0
62	0.532238
63	0.558735
64	0.564806
65	0.453239
66	0.586769
67	0.683968
68	0.683783
69	0.621154
70	0.754559
71	0.75432
72	0.79953
73	0.813044
74	0.811563
75	0.712027
76	0.845003
77	0.647346
78	0.877782
79	0.698747
80	1
81	1
82	1
83	0.531544
84	0.877792
85	0.876955
86	0.724168
87	0.83097
88	0.789106
89	0.813572
90	0.709087
91	0.612044
92	0.86918
93	0
94	0
95	0
96	1
97	0.674566
98	0.878156
99	0.726203
100	0
101	0
102	0
103	0
104	0.620981
105	0.686923
106	0.878169
107	0.813231
108	0.775138
109	0.755229
110	0.870302
111	1
112	0.819426
113	1
114	1
115	0.702814
116	0.754987
117	1
118	1
119	0.670687
120	0.738019
121	0.707311
122	0.648225
123	0.870118
124	0.617739
125	0.754675
126	0.539605
127	0.754279
128	0.741676
129	0.708114
130	0.516788
131	0.74986
132	0.672571
133	0.452705
134	0
135	0
136	0
137	0
138	0.438468
139	0.735637
140	0.539783
141	0.569186
142	0
143	0
144	0
145	0.736679
146	0.45431
147	0.420725
148	0.488281
149	0.85314
150	0.699202
151	0.462378
152	0.495324
153	0.553101
154	0.592243
155	0.779402
156	0.634731
157	0.547518
158	0.515132
159	0.635138
160	0.634616
161	0.635112
162	0.635065
163	0.635065
164	0.507719
165	0.805984
166	0.634767
167	0.688084
168	0.618455
169	0.635001
170	0.634828
171	0.745056
172	0.636584
173	0.737219
174	0.85314
175	0.869614
176	0.754634
177	0.877427
178	1
179	1
180	0.754844
181	0
182	0
183	0
184	0
185	0
186	0.812733
187	0.811669
188	0.754591
189	0.869405
190	1
191	0.75479
192	0.754921
193	0.869583
194	0
195	0
196	0
197	0
198	0
199	0
200	0
201	0
202	0.754847
203	0.812282
204	0.714449
205	0.754048
206	0.75484
207	0.687539
208	0.636866
209	0.684667
210	0.685178
211	0.658704
212	0.519363
213	0.878143
214	1
215	0.558082
216	0.607091
217	0.86363
218	0.704171
219	0.738635
220	0.754074
221	0.78559
222	0
223	0.677381
224	0.700987
225	0.708754
226	0.711583
227	0.716696
228	0.868126
229	0.524865
230	0.545821
231	0.3748
232	0.522351
233	0.549605
234	0.687896
235	0.451322
236	0.542727
237	0.341313
238	0.48514
239	0.424869
240	0
241	0
242	0
243	1
244	0.587181
245	0.663022
246	0.593915
247	0.812929
248	0
249	0
250	0
251	0
252	0
253	0
254	0
255	0
256	0.793648
257	0.330513
258	0.401215
259	0.868339
260	0.601436
261	0.596272
262	0.834256
263	0.679285
264	0.711466
265	0.710948
266	0.711509
267	0.754573
268	0.579356
269	0.659683
270	0.877714
271	0.690768
272	0.869018
273	0.717284
274	0.879011
275	1
276	0.878156
277	0.71686
278	0.871468
279	1
280	0.609771
281	0.583904
282	0.86918
283	1
284	0.754698
285	0.663246
286	1
287	0.735715
288	0.63957
289	0.706928
290	0.876955
291	0.68725
292	1
293	0.812351
294	0.755242
295	0.755371
296	0
297	0
298	0
299	0.755173
300	0.744007
301	0.701638
302	0.595953
303	0.869332
304	0.775714
305	0.868733
306	1
307	0.673459
308	0.821896
309	0.755138
310	0.878441
311	0.654666
312	0.811563
313	0.754612
314	0.816365
315	0.737319
316	0.812929
317	0.635341
318	0.687219
319	0.635628
320	0.744532
321	0.662134
322	0.853969
323	0.543279
324	0.547688
325	0.56402
326	0.630159
327	0.426281
328	0.60909
329	0.548485
330	0.291702
331	0.528057
332	0.528513
333	0.496911
334	0.528741
335	0.453685
336	0.585903
337	0.467312
338	0.425046
339	0
340	0
341	0
342	0.405247
343	0.389213
344	0.525841
345	0.313913
346	0.394688
347	0.393413
348	0.380517
349	0.399361
350	0.67272
351	0.515729
352	0.536532
353	0.477914
354	0.442491
355	0.548314
356	0.623506
357	0.528409
358	0.610391
359	0.528819
360	0.548721
361	0.547684
362	0.57498
363	0.608784
364	0.638207
365	0.59476
366	0.5476
367	0.557226
368	0.741576
369	0.741576
370	0.62389
371	0.615181
372	0.741576
373	0.644831
374	0.62824
375	0.54747
376	0.547565
377	0.516569
378	0.527072
379	0.614799
380	0.614799
381	0.371177
382	0.421091
383	0.406147
384	0.379481
385	0.332741
386	0.408664
387	0.342582
388	0
389	0
390	0
391	0
392	0
393	0
394	0
395	0
396	0
397	0.39695
398	0.405463
399	0.328357
400	0.376519
401	0.0328984
402	0.0335723
403	0.0265361
404	0.371621
405	0.455258
406	0.377384
407	0.412964
408	0.657395
409	0.0350022
410	0.0349507
411	0.0440188
412	0.0463719
413	0.0391299
414	0.039384
415	0.0305916
416	0.0328759
417	0.411779
418	0.369565
419	0.378591
420	0.402262
421	0.369257
422	0.302176
423	0.335548
424	0.302484
425	0.346149
426	0.313466
427	0.270636
428	0.34988
429	0.370601
430	0.196297
431	0.0350621
432	0.0352298
433	0.0412886
434	0.346855
435	0.413559
436	0.36091
437	0.367458
438	0.393167
439	0.299677
440	0.330775
441	0.301775
442	0.355925
443	0.378885
444	0.314719
445	0.345054
446	0.260446
447	0.379936
448	0.312822
449	0.444179
450	0.309908
451	0
452	0
453	0
