1	0
2	0
3	0
4	0
5	0
6	0
7	0
8	0
9	0
10	0
11	0
12	0
13	0
14	0
15	0
16	0
17	0
18	0
19	0
20	0
21	0
22	0
23	0
24	0
25	0
26	0
27	0
28	0.561144
29	0.304074
30	0.331776
31	0.293597
32	0.209443
33	0.30616
34	0.240409
35	0.271409
36	0.345874
37	0.196944
38	0.193776
39	0.306439
40	0.548829
41	0.54031
42	0.285201
43	0.60029
44	0.545869
45	0.664096
46	0.46375
47	0.142153
48	0.365351
49	0.248694
50	0.494471
51	0.637843
52	0.455071
53	0.676402
54	0.304221
55	0.382774
56	0.409741
57	0.452465
58	0.267678
59	0
60	0
61	0
62	0.528964
63	0.497238
64	0.605066
65	0.400339
66	0.798249
67	0.773083
68	0.941052
69	0.714758
70	0.940965
71	0.900525
72	0.710372
73	0.708764
74	0.778352
75	0.844679
76	0.527728
77	0.674977
78	0.920618
79	0.905401
80	0.722192
81	0.941003
82	1
83	0.518065
84	0.566914
85	0.940651
86	0.679467
87	0.53152
88	0.810362
89	0.777582
90	0.512927
91	0.726343
92	0.820701
93	0
94	0
95	0
96	0.46268
97	0.842882
98	0.88283
99	0.707132
100	0
101	0
102	0
103	0
104	0.712606
105	0.688368
106	0.752813
107	0.822465
108	0.777637
109	0.71582
110	1
111	0.78521
112	1
113	1
114	0.880533
115	0.776089
116	0.780493
117	1
118	0.942124
119	1
120	0.762939
121	0.772261
122	0.520348
123	0.782548
124	0.937491
125	0.760594
126	1
127	0.714672
128	0.708126
129	0.843101
130	0.764091
131	0.479085
132	0.351324
133	0.442154
134	0.478939
135	0
136	0
137	0
138	0.446214
139	1
140	0.644269
141	0.932618
142	0
143	0
144	0
145	0.842077
146	0.542059
147	0.298032
148	0.93409
149	1
150	1
151	0.478465
152	0.688717
153	0.674037
154	0.966444
155	0.525475
156	0.958058
157	0.542147
158	0.473271
159	0.741904
160	0.769786
161	0.916733
162	0.752431
163	0.822295
164	1
165	1
166	1
167	1
168	0.566173
169	1
170	0.806556
171	0.822636
172	0.699673
173	1
174	1
175	1
176	1
177	1
178	0.911847
179	1
180	0.91297
181	0
182	0
183	0
184	0
185	0
186	1
187	0.923693
188	0.788841
189	1
190	0.783723
191	0.75066
192	0.717578
193	1
194	0
195	0
196	0
197	0
198	0
199	0
200	0
201	0
202	1
203	0.777431
204	0.69975
205	0.954787
206	0.938606
207	0.608808
208	0.610704
209	0.696791
210	0.822101
211	0.612455
212	0.62332
213	1
214	1
215	0.562593
216	0.749602
217	0.743005
218	0.55481
219	0.960621
220	0.953881
221	0.789018
222	0
223	0.77229
224	1
225	0.801329
226	0.759001
227	0.650105
228	0.929231
229	0.462205
230	0.643187
231	0.432824
232	0.814081
233	0.437226
234	0.354633
235	0.262075
236	0.474175
237	0.288729
238	0.321842
239	0.33006
240	0
241	0
242	0
243	1
244	0.534842
245	0.753888
246	0.453608
247	0.929102
248	0.924342
249	0.623847
250	0.576577
251	0
252	0
253	0
254	0
255	0.292209
256	0.553252
257	0.448753
258	0.359377
259	1
260	0.732665
261	0.442136
262	0.920122
263	0.554021
264	0.513762
265	0.881165
266	0.764304
267	0.891179
268	0.83451
269	0.708894
270	0.778369
271	0.701133
272	1
273	0.659424
274	0.671919
275	1
276	0.72292
277	0.618259
278	0.679758
279	0.861416
280	0.500237
281	0.611389
282	1
283	1
284	0.711134
285	0.76146
286	1
287	0.839034
288	0.682801
289	0.743434
290	1
291	0.915258
292	0.6084
293	0.73698
294	0.664161
295	0.648296
296	0
297	0
298	0.581656
299	0.767073
300	0
301	0
302	0.925814
303	0.428301
304	0.765373
305	0.922663
306	0.884705
307	0.890209
308	0.921414
309	0.847524
310	0.698172
311	0.696196
312	0.80489
313	0.777637
314	0.517127
315	1
316	1
317	1
318	0.564268
319	0.821056
320	1
321	0.645208
322	1
323	1
324	1
325	0.728323
326	0.604915
327	0.600391
328	0.740807
329	0.689822
330	0.623121
331	0.604735
332	0.704255
333	0.687017
334	0.274285
335	0.44681
336	0.523111
337	0.528406
338	0.505081
339	0
340	0
341	0
342	0.348462
343	0.52311
344	1
345	0.750215
346	0.573188
347	0.907849
348	0.722009
349	0.567368
350	0.791228
351	0.769654
352	0.612338
353	0.777838
354	0.614754
355	0.648794
356	0.859018
357	1
358	0.961767
359	0.958388
360	0.962402
361	0.764631
362	0.76295
363	0.679907
364	1
365	0.821266
366	1
367	0.592348
368	1
369	0.859167
370	0.606982
371	0.700402
372	0.859167
373	0.699139
374	0.859167
375	0.738789
376	0.859167
377	0.795689
378	0.696845
379	0.859167
380	0.703213
381	0.619941
382	0.542151
383	0.859167
384	0.414545
385	0.591402
386	0.699948
387	0.609973
388	0.487361
389	0
390	0
391	0
392	0
393	0
394	0
395	0
396	0
397	0.67359
398	0.326053
399	0.464771
400	0.34187
401	0.292994
402	0.373007
403	0.565655
404	0.360661
405	0.435656
406	0.511816
407	0.419322
408	0.526607
409	0.556168
410	0.579211
411	0.686886
412	0.388499
413	0.633507
414	0.582944
415	0.485559
416	0.511404
417	0.630976
418	0.409166
419	0.604249
420	0.628362
421	0.398274
422	0.668387
423	0.596439
424	0.750001
425	0.609134
426	0.439957
427	0.490169
428	0.459721
429	0.58117
430	0.506722
431	0.660132
432	0.317206
433	0.481584
434	0.596037
435	0
436	0
437	0
438	0
439	0
440	0
441	0
442	0
443	0
444	0
445	0
446	0
447	0
448	0
449	0
450	0
451	0
452	0
453	0
