1	0
2	0
3	0
4	0
5	0
6	0
7	0
8	0
9	0
10	0
11	0
12	0
13	0
14	0
15	0
16	0
17	0
18	0
19	0
20	0
21	0
22	0
23	0
24	0
25	0
26	0
27	0
28	0
29	0
30	0
31	0
32	0.631683
33	0.521584
34	0.493505
35	0.365096
36	0.327572
37	0.42603
38	0.541323
39	0.518494
40	0.304203
41	0.784246
42	0.457489
43	0.331578
44	0.70273
45	0.810632
46	0.390902
47	0.306201
48	0.526009
49	0.531202
50	0.705545
51	0.711663
52	0.448059
53	0.548884
54	0.338443
55	0.410381
56	0.56647
57	0.521409
58	0.606267
59	0
60	0
61	0
62	0.583835
63	0.643745
64	0.603355
65	0.435172
66	0.782982
67	1
68	0.775628
69	0.651892
70	0.699706
71	0.857038
72	0.737419
73	0.96597
74	0.857115
75	0.817734
76	0.865507
77	0.631134
78	1
79	0.770162
80	0.699197
81	0.857208
82	1
83	0.436047
84	0.800476
85	0.856401
86	0.796322
87	0.778878
88	0.648082
89	0.772829
90	0.608058
91	0.51283
92	0.698038
93	0
94	0
95	0
96	0.779145
97	0.491594
98	0.653426
99	0.635695
100	0
101	0
102	0
103	0
104	0.665587
105	0.730919
106	0.858227
107	0.858049
108	0.800801
109	0.687699
110	1
111	0.720643
112	0.957576
113	0.858356
114	0.826618
115	0.648059
116	0.857138
117	0.858049
118	1
119	0.584061
120	0.818632
121	0.68995
122	0.638107
123	0.772377
124	0.590413
125	1
126	0.936109
127	0.69805
128	0.698788
129	0.822347
130	0.772014
131	0.778871
132	0.659733
133	0.474416
134	0
135	0
136	0
137	0
138	0.578693
139	1
140	0.469599
141	0.870225
142	0
143	0
144	0
145	1
146	0.700659
147	0.468321
148	0.685037
149	1
150	0.49137
151	0.53539
152	0.472415
153	0.690378
154	0.602455
155	0.591077
156	0.732039
157	0.419535
158	0.566436
159	0.856941
160	0.705725
161	0.681751
162	0.615468
163	0.732076
164	0.775553
165	0.817504
166	0.771649
167	0.651953
168	0.785541
169	0.824881
170	0.699523
171	0.858227
172	0.571923
173	1
174	1
175	0.857731
176	0.653791
177	0.698057
178	0.968496
179	0.825151
180	0.775887
181	0
182	0
183	0
184	0
185	0
186	0.857669
187	0.698013
188	0.591628
189	0.651563
190	0.549523
191	0.749821
192	0.687232
193	0.857091
194	0
195	0
196	0
197	0
198	0
199	0
200	0
201	0
202	0.908699
203	0.780504
204	0.635079
205	0.587663
206	0.763767
207	0.600107
208	0.550199
209	0.651708
210	0.653077
211	0.522933
212	0.558808
213	0.62125
214	1
215	0.556569
216	0.657899
217	0.826102
218	0.636335
219	0.638501
220	0.582888
221	1
222	0
223	0.744805
224	0.963636
225	0.410065
226	0.535921
227	0.598639
228	0.86822
229	0.656362
230	0.602493
231	0.653597
232	0.700193
233	0.587438
234	0.727525
235	0.555645
236	0.488544
237	0.433029
238	0.345681
239	0.604842
240	0
241	0
242	0
243	1
244	0.772059
245	0.477535
246	0.651645
247	0.797214
248	0.771919
249	0.23171
250	0.436756
251	0
252	0
253	0
254	0
255	0.667175
256	0.586997
257	0.369637
258	0.498634
259	0.771628
260	0.653069
261	0.505878
262	0.612777
263	0.453067
264	0.530122
265	0.590415
266	0.52254
267	0.470947
268	0.49805
269	0.711447
270	0.909117
271	0.778929
272	1
273	0.599602
274	0.781883
275	0.856948
276	0.823775
277	0.858409
278	1
279	0.857377
280	0.584069
281	0.556684
282	0.822037
283	0.856747
284	0.856741
285	0.602393
286	0.771522
287	0.702487
288	0.599086
289	0.696232
290	0.857142
291	0.619938
292	0.639809
293	0.698183
294	1
295	0.713087
296	0
297	0
298	0
299	0.653332
300	0.342187
301	0.742788
302	0.674611
303	0.772007
304	0.773066
305	0.699698
306	0.96239
307	0.685961
308	1
309	0.771522
310	0.698016
311	0.429106
312	0.858409
313	0.708242
314	0.737277
315	0.720288
316	0.698602
317	0.857676
318	0.916963
319	0.785534
320	0.785534
321	0.636138
322	0.856643
323	0.939096
324	0.74238
325	0.746656
326	0.632311
327	0.699481
328	0.65416
329	0.856401
330	0.535456
331	0.536267
332	0.624053
333	0.530169
334	0.650275
335	0.611768
336	0.710025
337	0.699651
338	0.796892
339	0
340	0
341	0
342	0.593607
343	0.502903
344	0.685681
345	0.413855
346	0.595512
347	0.597595
348	0.529303
349	0.579859
350	0.710669
351	0.611125
352	0.714537
353	0.652077
354	0.68848
355	0.746397
356	0.681122
357	0.913681
358	0.856383
359	0.727558
360	0.826815
361	0.690713
362	0.65414
363	0.779298
364	0.856996
365	0.856757
366	0.856797
367	0.720493
368	0.857138
369	1
370	0.679494
371	0.821412
372	0.857344
373	1
374	0.818209
375	0.82012
376	0.857655
377	0.698484
378	0.857584
379	0.857676
380	0.746593
381	0.606903
382	0.698306
383	0.78049
384	0.484469
385	0.430501
386	0.723536
387	0.698862
388	0.444487
389	0
390	0
391	0
392	0
393	0
394	0
395	0
396	0
397	0.832476
398	0.485864
399	0.446645
400	0.413476
401	0.399837
402	0.409801
403	0.457644
404	0.568983
405	0.47966
406	0.327841
407	0.574045
408	0.433278
409	0.3483
410	0.442561
411	0.469431
412	0.287976
413	0.58711
414	0.398639
415	0.46509
416	0.394584
417	0.517343
418	0.339667
419	0.444933
420	0.543512
421	0.451181
422	0.485245
423	0.485987
424	0.49042
425	0.543512
426	0.474813
427	0.507605
428	0.44517
429	0.478698
430	0.539016
431	0.381698
432	0.485592
433	0.409702
434	0.430587
435	0.560925
436	0
437	0
438	0
439	0
440	0
441	0
442	0
443	0
444	0
445	0
446	0
447	0
448	0
449	0
450	0
451	0
452	0
453	0
