1	0
2	0
3	0
4	0.227118
5	0.226808
6	0.245822
7	0.283368
8	0.299192
9	0.35812
10	0.259498
11	0.318524
12	0.25362
13	0.294634
14	0.335417
15	0.289411
16	0.241164
17	0.274435
18	0.286148
19	0.312711
20	0.316632
21	0.288836
22	0.279044
23	0.381108
24	0.28102
25	0.338936
26	0.275413
27	0.388941
28	0.298123
29	0.258878
30	0.273378
31	0.322802
32	0.477735
33	0.34174
34	0.500567
35	0.611163
36	0.201545
37	0.39253
38	0.346109
39	0.421121
40	0.371235
41	0.63339
42	0.362739
43	0.659568
44	0.659019
45	0.444886
46	0.252381
47	0.535962
48	0.465077
49	0.276889
50	0.441698
51	0.658876
52	0.226508
53	0.588622
54	0.314036
55	0.357389
56	0.51091
57	0.625266
58	0.38833
59	0
60	0
61	0
62	0.720288
63	0.544661
64	0.455867
65	0.487988
66	0.720288
67	0.530506
68	0.622964
69	0.381464
70	0.456032
71	0.636001
72	0.619352
73	0.474687
74	0.599998
75	0.634704
76	0.621728
77	0.488342
78	0.657172
79	0.650572
80	0.41692
81	0.724363
82	0.826447
83	0.459732
84	0.770751
85	0.782081
86	0.569082
87	0.684202
88	0.739779
89	0.612628
90	0.554243
91	0.810747
92	0.866994
93	0
94	0
95	0
96	0.687218
97	0.783352
98	0.742885
99	0.742958
100	0
101	0
102	0
103	0
104	0.686091
105	0.700738
106	0.743551
107	0.74286
108	0.506455
109	0.805136
110	0.700538
111	0.801826
112	0.848029
113	0.766321
114	0.615091
115	0.337182
116	0.783871
117	0.928403
118	0.68302
119	0.700653
120	0.71175
121	0.532268
122	0.628055
123	0.5924
124	0.830094
125	0.7901
126	0.690163
127	0.73088
128	0.782081
129	0.455265
130	0.645014
131	0.460414
132	0.472454
133	0.399886
134	0
135	0
136	0
137	0
138	0.326409
139	0.782562
140	0.240468
141	0.616122
142	0
143	0
144	0
145	0.74698
146	0.309496
147	0.257003
148	0.293065
149	0.890284
150	0.783352
151	0.393766
152	0.501433
153	0.524411
154	0.393879
155	0.655281
156	0.713717
157	0.847244
158	0.587465
159	0.940434
160	0.907533
161	0.725171
162	0.816493
163	0.789681
164	0.827003
165	0.8297
166	0.795459
167	1
168	0.548654
169	0.624448
170	0.949967
171	1
172	0.712028
173	0.916857
174	1
175	1
176	0.600954
177	0.78328
178	1
179	0.595682
180	0.734989
181	0
182	0
183	0
184	0
185	0
186	0.884624
187	0.567714
188	0.801596
189	0.784058
190	0.843534
191	0.766376
192	0.516685
193	1
194	0.555617
195	0
196	0
197	0
198	0.606322
199	0
200	0
201	0
202	0.452544
203	0.56645
204	0.51832
205	0.509661
206	0.806363
207	0.86302
208	0.662994
209	0.769433
210	0.649217
211	0.46717
212	0.408248
213	0.697364
214	1
215	0.468716
216	0.668215
217	0.846766
218	0.438303
219	0.5262
220	0.641686
221	0.961144
222	0
223	0.562613
224	1
225	0.835527
226	0.624373
227	0.400513
228	0.679052
229	0.692283
230	0.586648
231	0.538472
232	0.364674
233	0.311833
234	0.435751
235	0.363668
236	0.144774
237	0.155847
238	0.225934
239	0.210469
240	0.17992
241	0.379623
242	0
243	1
244	0.617007
245	0.633344
246	0.376303
247	0.49899
248	0.328861
249	0.283089
250	0.354653
251	0
252	0
253	0
254	0
255	0
256	0
257	0
258	0.402632
259	0.318368
260	0.758854
261	0.507487
262	0.330421
263	0.694006
264	0.580637
265	0.638377
266	0.626489
267	0.883726
268	0.793291
269	0.666229
270	0.420444
271	0.747946
272	0.884838
273	0.619848
274	0.629379
275	1
276	0.844236
277	0.684156
278	0.578939
279	1
280	0.639237
281	0.702313
282	0.884085
283	1
284	0.486744
285	0.34857
286	1
287	0.712753
288	0.558431
289	0.798931
290	1
291	0.683022
292	0.844319
293	0.827931
294	0.807843
295	0.68114
296	0
297	0
298	1
299	0.885161
300	0
301	0
302	0.822488
303	0.838356
304	0.755108
305	0.884615
306	0.862802
307	0.885378
308	0.884689
309	0.869331
310	0.747431
311	0.863997
312	0.904821
313	0.797396
314	0.549476
315	0.938938
316	0.959568
317	0.55391
318	0.577939
319	0.633101
320	0.884587
321	0.640677
322	1
323	0.854973
324	0.826922
325	0.467073
326	0.706319
327	0.530049
328	0.770398
329	0.510436
330	0.388694
331	0.791165
332	0.549981
333	0.428619
334	0.358117
335	0.478571
336	0.438877
337	0.255255
338	0.372914
339	0.260309
340	0
341	0
342	0.187253
343	0.460947
344	0.884085
345	0.567556
346	0.344671
347	0.572595
348	0.672619
349	0.404095
350	0.752551
351	0.582071
352	0.5422
353	0.834091
354	0.425071
355	0.84045
356	0.647452
357	0.947212
358	0.630567
359	0.520182
360	0.760383
361	0.847866
362	0.674247
363	0.436013
364	0.804085
365	1
366	0.803645
367	0.585909
368	0.884349
369	1
370	0.774222
371	0.758013
372	0.883776
373	0.827342
374	0.839348
375	0.843518
376	0.883501
377	0.823371
378	0.961801
379	0.884838
380	0.848237
381	0.5335
382	0.885165
383	0.800588
384	0.619478
385	0.76962
386	0.84045
387	0.581656
388	0.848855
389	0.642549
390	0.54935
391	0.723979
392	0.701969
393	0.534615
394	0.64049
395	0.626608
396	0.549428
397	0.505134
398	0.494888
399	0.365256
400	0.409673
401	0.447222
402	0.495138
403	0.528598
404	0.492441
405	0.657037
406	0.292027
407	0.238682
408	0.570183
409	0.630066
410	0.354256
411	0.655861
412	0.287411
413	0.372987
414	0.277298
415	0.54853
416	0.466187
417	0.637031
418	0.73017
419	0.635246
420	0.63701
421	0.632065
422	0.596006
423	0.616987
424	0.762472
425	0
426	0
427	0
428	0
429	0
430	0
431	0
432	0
433	0
434	0
435	0
436	0
437	0
438	0
439	0
440	0
441	0
442	0
443	0
444	0
445	0
446	0
447	0
448	0
449	0
450	0
451	0
452	0
453	0
