1	0
2	0
3	0
4	0
5	0
6	0
7	0
8	0
9	0
10	0
11	0
12	0
13	0
14	0.236528
15	0.179828
16	0.229641
17	0.210301
18	0.171932
19	0.183393
20	0.19527
21	0.205241
22	0.22101
23	0.142534
24	0.220116
25	0.250786
26	0.269075
27	0.276928
28	0.452462
29	0.494158
30	0.529183
31	0.266097
32	0.390905
33	0.337849
34	0.298101
35	0.396573
36	0.306436
37	0.389305
38	0.205743
39	0.249652
40	0.535186
41	0.463348
42	0.188836
43	0.165471
44	0.130244
45	0.489371
46	0.37435
47	0.404825
48	0.622853
49	0.438655
50	0.431008
51	0.888997
52	0.557909
53	0.620044
54	0.413305
55	0.309119
56	0.80751
57	0.769443
58	0.412828
59	0
60	0
61	0
62	0.892814
63	0.727289
64	0.496192
65	0.46379
66	0.68242
67	0.676778
68	0.888569
69	0.711173
70	0.827475
71	0.640851
72	0.837174
73	0.645001
74	0.656725
75	0.651835
76	0.431785
77	0.765338
78	0.962696
79	0.488442
80	0.655865
81	0.961072
82	0.961621
83	0.522786
84	0.803563
85	1
86	0.751432
87	0.598988
88	0.666176
89	0.803769
90	0.491371
91	0.504304
92	0.544512
93	0
94	0
95	0
96	0.55034
97	0.655926
98	0.513442
99	0.819898
100	0
101	0
102	0
103	0
104	0.81901
105	0.821056
106	0.86979
107	0.88977
108	0.525024
109	0.779886
110	1
111	0.942142
112	0.725516
113	1
114	0.932744
115	0.685364
116	0.962432
117	0.9627
118	1
119	0.854698
120	0.783619
121	0.888062
122	0.338447
123	0.888431
124	0.823962
125	1
126	0.845214
127	0.888242
128	0.889139
129	0.508008
130	0.586124
131	0.867329
132	0.498165
133	0.515027
134	0
135	0
136	0
137	0
138	0.594481
139	0.887867
140	0.411478
141	0.888519
142	0
143	0
144	0
145	0.446386
146	0.464818
147	0.502315
148	0.537311
149	0.888047
150	0.70666
151	0.576226
152	0.645518
153	0.612948
154	0.531123
155	0.661608
156	0.828612
157	0.72532
158	0.59164
159	0.888825
160	0.775786
161	0.726956
162	0.784197
163	0.745277
164	0.555066
165	0.947582
166	0.769004
167	0.772509
168	0.685463
169	0.833274
170	0.959913
171	0.846089
172	0.600133
173	1
174	1
175	0.821143
176	0.707414
177	0.669477
178	0.853372
179	0.649084
180	0.724344
181	0
182	0
183	0
184	0
185	0
186	0.641905
187	0.696173
188	0.683903
189	0.762514
190	0.530601
191	0.344321
192	0.509061
193	0
194	0
195	0
196	0
197	0
198	0
199	0.776393
200	0.478657
201	0.636941
202	0.734846
203	0.722325
204	0.500348
205	0.650714
206	0.902431
207	0.880086
208	0.629163
209	0.730947
210	0.888684
211	0.420251
212	0.409329
213	0.751135
214	1
215	0.564878
216	0.412592
217	0.80129
218	0.484931
219	0.416181
220	0.751943
221	0.630121
222	0
223	0.579044
224	0.841411
225	0.782783
226	0.433983
227	0.488739
228	0.597606
229	0.652515
230	0.572759
231	0.311642
232	0.389457
233	0.264951
234	0.275344
235	0.291922
236	0.415244
237	0.342348
238	0.438709
239	0.380358
240	0
241	0
242	0
243	0.810966
244	0.660305
245	0.666974
246	0.564616
247	0.771105
248	0.590434
249	0.372139
250	0.451079
251	0.314922
252	0.455656
253	0.34634
254	0
255	0
256	0
257	0
258	0.285735
259	0.394203
260	0.713849
261	0.513132
262	0.484368
263	0.826396
264	0.812094
265	0.416692
266	0.744573
267	0.606376
268	0.579567
269	0.469598
270	0.507603
271	0.794872
272	1
273	0.615539
274	0.771682
275	1
276	0.715409
277	0.512311
278	0.737158
279	0.910456
280	0.59809
281	0.462805
282	1
283	1
284	0.639441
285	0.451298
286	0.925217
287	0.771037
288	0.57693
289	0.81798
290	0.889217
291	0.574303
292	0.792315
293	0.77388
294	0.85003
295	0.62664
296	0
297	0
298	0.695401
299	0.44461
300	0
301	0
302	1
303	0.769135
304	0.9429
305	0.730685
306	0.815408
307	0.7799
308	0.758624
309	0.603724
310	0.590092
311	0.442106
312	0.845375
313	0.708337
314	0.547807
315	0.637502
316	1
317	0.690872
318	0.728933
319	0.94992
320	0.838024
321	0.692157
322	1
323	0.726737
324	0.797811
325	0.421084
326	0.401299
327	0.762945
328	0.644252
329	0.689074
330	0.554021
331	0.650874
332	0.572227
333	0.549904
334	0.645985
335	0.642387
336	0.476596
337	0.425936
338	0.541253
339	0.685906
340	0
341	0
342	0.534723
343	0.573915
344	0.888808
345	0.400687
346	0.3621
347	0.526447
348	0.432258
349	0.384383
350	0.554035
351	0.795977
352	0.71999
353	0.544835
354	0.554937
355	0.841411
356	0.657053
357	0.615358
358	0.711679
359	0.601415
360	0.70174
361	1
362	0.793911
363	0.476319
364	0.841038
365	0.855935
366	0.888997
367	0.897456
368	1
369	0.888216
370	0.682609
371	0.799951
372	1
373	0.848347
374	1
375	0.640965
376	0.888622
377	0.623871
378	0.902365
379	1
380	0.865957
381	0.502354
382	0.730418
383	0.894897
384	0.521636
385	0.65444
386	0.567091
387	0.573548
388	0.58215
389	0.267793
390	0.422977
391	0.626663
392	0.703648
393	0.453566
394	0.434697
395	0.355227
396	0.284185
397	0.378468
398	0.401403
399	0.387508
400	0.413796
401	0.391069
402	0.363363
403	0.464892
404	0.420692
405	0.301644
406	0.362296
407	0.37355
408	0.391587
409	0.38572
410	0.417322
411	0.386374
412	0.528319
413	0.295404
414	0.422474
415	0.313285
416	0.480796
417	0.470581
418	0.427649
419	0.438378
420	0.426674
421	0.402081
422	0.464012
423	0.486991
424	0.410302
425	0
426	0
427	0
428	0
429	0
430	0
431	0
432	0
433	0
434	0
435	0
436	0
437	0
438	0
439	0
440	0
441	0
442	0
443	0
444	0
445	0
446	0
447	0
448	0
449	0
450	0
451	0
452	0
453	0
