1	0
2	0
3	0
4	0
5	0
6	0
7	0
8	0
9	0
10	0
11	0
12	0
13	0
14	0
15	0
16	0
17	0
18	0
19	0
20	0
21	0
22	0
23	0
24	0.846812
25	0.553792
26	0.951298
27	0.576177
28	0.705928
29	0.421127
30	0.66421
31	0.899377
32	0.416649
33	0.657276
34	0.382417
35	1
36	0.84904
37	0.819795
38	0.498125
39	0.819795
40	0.585839
41	0.561943
42	0.594228
43	0.549618
44	0.254674
45	0.349867
46	0.469942
47	0.37569
48	0.383762
49	0.564244
50	0.38605
51	0.754275
52	0.270547
53	0.397043
54	0.614291
55	0.516943
56	0.478273
57	0.424541
58	0.44321
59	0
60	0
61	0
62	0.731945
63	0.53866
64	0.561592
65	0.703801
66	0.58059
67	0.593253
68	0.648949
69	0.250264
70	0.649335
71	0.652623
72	0.441382
73	0.42649
74	0.693633
75	0.91583
76	0.389013
77	0.568436
78	0.848193
79	0.689619
80	0.87204
81	0.674946
82	0.913192
83	0.424499
84	0.733224
85	0.56702
86	0.657527
87	0.709874
88	0.753464
89	0.962368
90	0.656884
91	0.847925
92	0.723342
93	0
94	0
95	0
96	0.788546
97	0.786702
98	1
99	0.825239
100	0
101	0
102	0
103	0
104	0.394021
105	0.482849
106	0.617978
107	0.826555
108	0.705948
109	0.717008
110	0.713057
111	0.895268
112	0.865525
113	0.760382
114	0.958931
115	0.611805
116	0.780399
117	0.895473
118	0.812798
119	0.630978
120	1
121	0.762052
122	0.725938
123	0.561191
124	0.94285
125	0.878721
126	0.915885
127	0.878542
128	0.731912
129	0.540871
130	0.583782
131	0
132	0
133	0
134	0.654408
135	0.869328
136	0.390231
137	0
138	0
139	0
140	0
141	0
142	0.435908
143	0.422692
144	0.949921
145	0
146	0
147	0
148	0
149	0
150	0.663367
151	0.53693
152	0.657266
153	0.413283
154	0.681684
155	0.608702
156	0.693988
157	0.667588
158	0.55401
159	0.943274
160	0.806388
161	0.765564
162	0.750583
163	0.701537
164	0.540201
165	0.597028
166	0.720671
167	0.543996
168	0.383599
169	0.833349
170	0.895794
171	0.683897
172	0.687564
173	0.678866
174	0.500601
175	0.536512
176	0.429977
177	0.525851
178	0.541298
179	0.456319
180	0.387098
181	0
182	0
183	0
184	0
185	0
186	0.266294
187	0.276492
188	0.336896
189	0.351704
190	0.411435
191	0.530754
192	0.457219
193	0.326739
194	0.684467
195	0
196	0
197	0
198	0
199	0
200	0
201	0
202	0.425352
203	0.460058
204	0.300165
205	0.422979
206	0.616402
207	0.630851
208	0.460214
209	0.519876
210	0.675881
211	0.334398
212	0.469808
213	0.665947
214	1
215	0.533117
216	0.454558
217	0.733269
218	0.446729
219	0.711179
220	0.536746
221	0.517892
222	0
223	0.827568
224	0.799486
225	0.864046
226	0.511611
227	0.565713
228	0.58816
229	0.540062
230	0.523661
231	0.621028
232	0.707082
233	0.464864
234	0.59051
235	0.490164
236	0.566684
237	0.395322
238	0.517291
239	0.418758
240	0
241	0
242	0
243	0.902963
244	0.358333
245	0.616114
246	0.38935
247	0.464445
248	0.574425
249	0.488957
250	0.673783
251	0.74643
252	0.716024
253	0.450975
254	0
255	0.572218
256	0.671043
257	0.526538
258	0.542587
259	0.894382
260	0.687198
261	0.522178
262	0.701694
263	0.894916
264	0.840095
265	0.920049
266	0.628222
267	0.668318
268	0.720746
269	0.764677
270	0.751372
271	0.69404
272	0.707369
273	0.598822
274	0.602218
275	1
276	0.895268
277	0.52247
278	0.580249
279	0.538802
280	0.521182
281	0.680191
282	0.585917
283	0.558627
284	0.463683
285	0.420042
286	0.506121
287	0.556786
288	0.469691
289	0.491439
290	0.502711
291	0.407636
292	0.458169
293	0
294	0.616705
295	0.589783
296	0
297	0
298	0
299	0.53803
300	0
301	0
302	0.38649
303	0.361165
304	0.496578
305	0.686033
306	0.448562
307	0.645495
308	0.904895
309	0.695755
310	0.71606
311	0.557268
312	0.755316
313	0.527948
314	0.551258
315	0.753251
316	1
317	0.758886
318	0.805832
319	0.746408
320	1
321	0.675122
322	1
323	0.944143
324	0.894998
325	0.630353
326	0.627438
327	0.803161
328	0.799358
329	1
330	0.698748
331	0.696333
332	0.755325
333	0.440923
334	0.616221
335	0.419793
336	0.647145
337	0
338	0.768347
339	0.895268
340	0
341	0
342	0.466044
343	0.700979
344	0.904466
345	0.476828
346	0.668994
347	0.454902
348	0.801528
349	0.380383
350	1
351	0.754181
352	0.525707
353	0.694101
354	0.645081
355	0.650649
356	0.776036
357	0.667838
358	0.666366
359	0.755523
360	0.681766
361	1
362	0.572959
363	0.685453
364	1
365	1
366	0.837114
367	0.748827
368	0.859913
369	0.93946
370	0.594192
371	0.802944
372	0.732696
373	0.522173
374	0.556994
375	0.825274
376	0.787404
377	0.409084
378	0.510622
379	0.840126
380	0.887709
381	0.624959
382	0.439136
383	0.85779
384	0.640317
385	0.505278
386	0.728502
387	0.60454
388	0.320979
389	0
390	0
391	0
392	0
393	0
394	0
395	0
396	0
397	0.444007
398	0.440573
399	0.338488
400	0.479532
401	0.557033
402	0.532042
403	0.299351
404	0.584745
405	0.561281
406	0.235526
407	0.449486
408	0.4257
409	0.47022
410	0.518845
411	0.708434
412	0.375078
413	0.429015
414	0.341477
415	0.451436
416	0.590598
417	0.503892
418	0.360891
419	0.34312
420	0.304997
421	0.492344
422	0.541931
423	0.188011
424	0.319705
425	0
426	0
427	0
428	0
429	0
430	0
431	0
432	0
433	0
434	0
435	0
436	0
437	0
438	0
439	0
440	0
441	0
442	0
443	0
444	0
445	0
446	0
447	0
448	0
449	0
450	0
451	0
452	0
453	0
