1	0
2	0
3	0
4	0
5	0
6	0
7	0
8	0
9	0
10	0
11	0
12	0
13	0
14	0
15	0
16	0
17	0
18	0
19	0
20	0
21	0
22	0
23	0
24	0
25	0
26	0
27	0
28	0
29	0
30	0
31	0.285638
32	0.353357
33	0.170373
34	0.301052
35	0.414085
36	0.416038
37	0.25259
38	0.254216
39	0.34723
40	0.419052
41	0.3093
42	0.519501
43	0.327624
44	0.745021
45	0.550583
46	0.414591
47	0.309426
48	0.462593
49	0.47906
50	0.408207
51	0.682185
52	0.346905
53	0.3286
54	0.37574
55	0.632738
56	0.638453
57	0.458508
58	0.409726
59	0
60	0
61	0
62	0.515858
63	0.636562
64	0.394439
65	0.414986
66	0.66607
67	0.663306
68	0.407818
69	0.4496
70	0.503028
71	0.665975
72	0.413772
73	0.597227
74	0.646433
75	0.739931
76	0.614907
77	0.457204
78	0.779293
79	0.746211
80	0.541777
81	0.875047
82	0.875047
83	0.507581
84	0.674759
85	0.778458
86	0.721718
87	0.458628
88	0.610815
89	0.604886
90	0.405242
91	0.400167
92	0.46052
93	0
94	0
95	0
96	0.40966
97	0.562126
98	0.286486
99	0.586992
100	0
101	0
102	0
103	0
104	0.70923
105	0.558445
106	0.757972
107	0.724663
108	0.584614
109	0.700294
110	0.724968
111	0.704932
112	0.779644
113	0.875047
114	0.875047
115	0.538895
116	0.660561
117	0.875047
118	0.875047
119	0.875047
120	0.682193
121	0.771398
122	0.463063
123	0.627307
124	0.682715
125	0.895743
126	0.733102
127	0.681078
128	0.512429
129	0.474911
130	0.587727
131	0.452319
132	0.498721
133	0.35212
134	0.486303
135	0.480831
136	0.540023
137	0.621645
138	0
139	0
140	0
141	0
142	0.443998
143	0.487806
144	0.622667
145	0
146	0
147	0
148	0.391249
149	0.875047
150	0.716497
151	0.551529
152	0.534081
153	0.54573
154	0.550366
155	0.596661
156	0.665285
157	0.58288
158	0.793633
159	0.73793
160	0.625741
161	0.752575
162	0.722962
163	0.676486
164	0.603573
165	0.888811
166	0.727359
167	0.751212
168	1
169	0.61475
170	0.89727
171	0.961712
172	0.688902
173	1
174	1
175	0.907845
176	0.664999
177	1
178	0.964427
179	0.789383
180	0.616404
181	0
182	0
183	0
184	0
185	0
186	0.761654
187	0.597774
188	0.545671
189	0.701158
190	0.559973
191	0.508704
192	0.591091
193	0.790136
194	0
195	0
196	0
197	0
198	0
199	0
200	0
201	0
202	0.939295
203	0.610487
204	0.543997
205	0.69755
206	0.735036
207	0.570216
208	0.618353
209	0.696455
210	0.687601
211	0.642824
212	0.602603
213	0.717272
214	1
215	0.615274
216	0.620224
217	1
218	0.631224
219	0.857532
220	0.654814
221	0.746312
222	0
223	0.576332
224	1
225	0.732285
226	0.888671
227	0.712087
228	0.867567
229	0.624587
230	0.557642
231	0.456711
232	0.336343
233	0.476309
234	0.50838
235	0.604033
236	0
237	0
238	0
239	0
240	0
241	0
242	0
243	0.789408
244	0.575543
245	0.582196
246	0.776779
247	0.790002
248	0.533085
249	0.444547
250	0.789736
251	0
252	0
253	0
254	0
255	0
256	0.589051
257	0.348439
258	0.508654
259	0.887755
260	0.895917
261	0.67869
262	0.574361
263	0.692945
264	0.551586
265	0.583407
266	0.758496
267	0.415798
268	0.762166
269	0.346212
270	0.671431
271	0.789775
272	0.896503
273	0.566634
274	0.583338
275	0.887515
276	0.493306
277	0.641277
278	0.725921
279	0.655832
280	0.660499
281	0.844799
282	0.887137
283	0.829978
284	0.54943
285	0.599787
286	0.889514
287	0.649903
288	0.496464
289	0.938594
290	0.729037
291	0.670167
292	0.513231
293	0.860131
294	0.815284
295	0.687804
296	0
297	0
298	0.41895
299	0.642454
300	0
301	0
302	0.785202
303	0.490609
304	0.790965
305	0.759652
306	0.752711
307	0.87564
308	0.83598
309	0.775286
310	0.682649
311	0.570299
312	0.895054
313	0.895054
314	0.682397
315	0.616317
316	1
317	0.690488
318	0.681365
319	0.789399
320	1
321	0.761302
322	1
323	1
324	0.655657
325	0.673703
326	0.584539
327	0.646922
328	0.784677
329	0.705292
330	0.548513
331	0.687197
332	0.734399
333	0.458131
334	0.472452
335	0.702532
336	0.417405
337	0
338	0.628126
339	0.95318
340	0
341	0
342	0.579632
343	0.504206
344	0.73976
345	0.460717
346	0.281476
347	0.543469
348	0.58601
349	0.332238
350	0.651807
351	0.476316
352	0.526624
353	0.645825
354	0.452936
355	0.432176
356	0.714457
357	0.842759
358	1
359	0.776637
360	0.500835
361	0.88791
362	0.850051
363	0.528284
364	0.835237
365	0.834462
366	0.895543
367	0.790605
368	1
369	1
370	0.649466
371	0.895054
372	1
373	0.655566
374	0.741261
375	0.740572
376	0.717818
377	0.629181
378	0.786502
379	0.79028
380	0.841915
381	0.537202
382	0.662626
383	0.722274
384	0.388636
385	0.537142
386	0.739055
387	0.601005
388	0
389	0
390	0
391	0
392	0
393	0
394	0
395	0
396	0
397	0.458626
398	0.566738
399	0.729932
400	0.614195
401	0.352362
402	0.407239
403	0.620357
404	0.629554
405	0.624118
406	0.375042
407	0.345277
408	0.471581
409	0.429387
410	0.295209
411	0.240728
412	0.471193
413	0.441874
414	0.317322
415	0.392716
416	0.461426
417	0.535135
418	0.386012
419	0.390008
420	0.312067
421	0.458567
422	0.331736
423	0.517937
424	0.678935
425	0.356571
426	0.462586
427	0.526211
428	0.600214
429	0.510529
430	0.373697
431	0.564234
432	0.306089
433	0.312515
434	0.564329
435	0.536516
436	0.459936
437	0.440447
438	0.494958
439	0.326695
440	0.469808
441	0.329353
442	0.356494
443	0.575766
444	0
445	0
446	0
447	0
448	0
449	0
450	0
451	0
452	0
453	0
