1	0
2	0
3	0
4	0
5	0
6	0
7	0
8	0
9	0.00345488
10	0.00345488
11	0.00345488
12	0.00345488
13	0.0195581
14	0.0384821
15	0.0537677
16	0.0384874
17	0.0384898
18	0.038475
19	0.038476
20	0.0384785
21	0.0537677
22	0.0786056
23	0.0421696
24	0.00190372
25	0.0803048
26	0.0019041
27	0.0801394
28	0.00329045
29	0.00329135
30	0.132452
31	0.138446
32	0.259659
33	0.12491
34	0.12512
35	0.422674
36	0.142177
37	0.312375
38	0.142127
39	0.00329045
40	0.122025
41	0.142373
42	0.114088
43	0.244944
44	0.138515
45	0.247888
46	0.142299
47	0.114179
48	0.00329098
49	0.142383
50	0.485254
51	0.724996
52	0.138498
53	0.00329017
54	0.28197
55	0.138755
56	0.0019042
57	0.0019045
58	0.0530551
59	0.00340476
60	0.00340476
61	0.00340476
62	0.553146
63	0.282096
64	0.501785
65	0.258078
66	0.771204
67	0.61225
68	0.552102
69	0.114114
70	0.248106
71	0.999999
72	0.432664
73	0.493897
74	0.429104
75	0.999999
76	0.72486
77	0.49394
78	0.66349
79	0.50082
80	0.420738
81	0.999999
82	0.999999
83	0.424491
84	0.744848
85	0.999999
86	0.258462
87	0.425951
88	0.629095
89	0.249694
90	0.281625
91	0.281916
92	0.114149
93	0
94	0
95	0
96	0.494419
97	0.253336
98	0.253263
99	0.494432
100	0
101	0
102	0
103	0
104	0.999999
105	0.249487
106	0.999999
107	0.734501
108	0.429133
109	0.614191
110	0.743892
111	0.485218
112	0.612525
113	0.999999
114	0.494204
115	0.611674
116	0.999999
117	0.999999
118	0.744591
119	0.72486
120	0.637365
121	0.663428
122	0.281827
123	0.733596
124	0.999999
125	0.999999
126	0.446499
127	0.733152
128	0.733485
129	0.419097
130	0.24498
131	0.389176
132	0.282006
133	0.249434
134	0
135	0
136	0
137	0
138	0.288795
139	0.999999
140	0.445383
141	0.734333
142	0
143	0
144	0
145	0.999999
146	0.288624
147	0.493911
148	0.726515
149	0.999999
150	0.999999
151	0.281893
152	0.494244
153	0.114118
154	0.249342
155	0.634304
156	0.253212
157	0.253407
158	0.632887
159	0.999999
160	0.744723
161	0.999999
162	0.282065
163	0.613671
164	0.11417
165	0.999999
166	0.634304
167	0.999999
168	0.725842
169	0.743618
170	0.999999
171	0.485879
172	0.509918
173	0.999999
174	0.999999
175	0.725986
176	0.72656
177	0.494368
178	0.724765
179	0.999999
180	0.725765
181	0
182	0
183	0
184	0
185	0
186	0.999999
187	0.734106
188	0.114246
189	0.258358
190	0.445545
191	0.432597
192	0.293791
193	0.0740374
194	0.00336654
195	0
196	0
197	0
198	0.00336654
199	0
200	0
201	0
202	0.426302
203	0.249613
204	0.138743
205	0.114114
206	0.281601
207	0.501476
208	0.253218
209	0.45349
210	0.493707
211	0.500588
212	0.122082
213	0.450375
214	0.999999
215	0.281539
216	0.281596
217	0.293729
218	0.525424
219	0.771597
220	0.494162
221	0.433215
222	0
223	0.745207
224	0.999999
225	0.133999
226	0.439801
227	0.613685
228	0.725986
229	0.249649
230	0.142463
231	0.45387
232	0.138703
233	0.121926
234	0.00329019
235	0.142417
236	0.114224
237	0.142149
238	0.249349
239	0.0660765
240	0.0421863
241	0.0185691
242	0.00340476
243	0.999999
244	0.114132
245	0.252948
246	0.00328936
247	0.00328964
248	0.389079
249	0.188145
250	0.040953
251	0.0192289
252	0.0192298
253	0
254	0
255	0
256	0.00358235
257	0.039271
258	0.00329026
259	0.281801
260	0.281521
261	0.252998
262	0.307803
263	0.2817
264	0.494083
265	0.249531
266	0.494055
267	0.25299
268	0.125999
269	0.264538
270	0.249359
271	0.999999
272	0.744723
273	0.417777
274	0.663071
275	0.999999
276	0.500895
277	0.534588
278	0.511503
279	0.74493
280	0.282006
281	0.114081
282	0.999999
283	0.999999
284	0.114125
285	0.114059
286	0.438094
287	0.420738
288	0.114195
289	0.293813
290	0.999999
291	0.253051
292	0.253314
293	0.641538
294	0.114229
295	0.438178
296	0
297	0
298	0.0660381
299	0.637494
300	0.00340476
301	0.00340476
302	0.637664
303	0.29374
304	0.637502
305	0.725933
306	0.42082
307	0.63419
308	0.288451
309	0.293691
310	0.424262
311	0.25817
312	0.743463
313	0.281709
314	0.282029
315	0.419135
316	0.999999
317	0.429423
318	0.74443
319	0.725162
320	0.724701
321	0.282196
322	0.999999
323	0.725986
324	0.429083
325	0.637617
326	0.493762
327	0.249522
328	0.426035
329	0.253216
330	0.725757
331	0.427857
332	0.494166
333	0.281794
334	0.166931
335	0.250347
336	0.0661345
337	0
338	0.249228
339	0.281845
340	0.00336654
341	0.114165
342	0.114252
343	0.0748068
344	0.420817
345	0.163347
346	0.163045
347	0.244982
348	0.282061
349	0.147367
350	0.244881
351	0.26404
352	0.249379
353	0.493714
354	0.446112
355	0.244947
356	0.253034
357	0.733396
358	0.744482
359	0.253177
360	0.72656
361	0.633573
362	0.261105
363	0.293925
364	0.72575
365	0.432474
366	0.999999
367	0.999999
368	0.999999
369	0.999999
370	0.243799
371	0.664626
372	0.999999
373	0.734084
374	0.999999
375	0.253017
376	0.725318
377	0.249393
378	0.772621
379	0.44369
380	0.305944
381	0.00190492
382	0.00190491
383	0.0747812
384	0.082227
385	0.0747505
386	0.193923
387	0.295929
388	0.0802922
389	0.0189629
390	0.0189458
391	0.0237983
392	0.0189527
393	0.0237983
394	0.0189596
395	0.0189536
396	0.0237983
397	0.114199
398	0.27771
399	0.388464
400	0.24937
401	0.114128
402	0.00328786
403	0.282042
404	0.114187
405	0.147382
406	0.138572
407	0.281837
408	0.00329155
409	0.125171
410	0.00328938
411	0.125006
412	0.260343
413	0.142067
414	0.249513
415	0.138528
416	0.138757
417	0.511682
418	0.420893
419	0.493901
420	0.125019
421	0.134074
422	0.142398
423	0.121918
424	0.281986
425	0.129288
426	0.447697
427	0.0756304
428	0.0367361
429	0.0367327
430	0.0367373
431	0
432	0
433	0
434	0
435	0
436	0
437	0
438	0
439	0
440	0
441	0
442	0
443	0
444	0
445	0
446	0
447	0
448	0
449	0
450	0
451	0
452	0
453	0
