1	0
2	0
3	0
4	0
5	0
6	0
7	0
8	0
9	0
10	0
11	0
12	0
13	0.195404
14	0.244471
15	0.224919
16	0.217221
17	0.244464
18	0.248278
19	0.287655
20	0.253902
21	0.205908
22	0.270534
23	0.243987
24	0.296971
25	0.316065
26	0.190968
27	0.178723
28	0.127753
29	0.147759
30	0.188319
31	0.303639
32	0.250517
33	0.340389
34	0.470795
35	0.487348
36	0.396059
37	0.611979
38	0.389234
39	0.391462
40	0.50978
41	0.333357
42	0.2968
43	0.255544
44	0.177481
45	0.25579
46	0.177897
47	0.279949
48	0.373063
49	0.298724
50	0.624033
51	0.674356
52	0.361244
53	0.400853
54	0.414326
55	0.441257
56	0.419945
57	0.431589
58	0
59	0
60	0
61	0
62	0.497267
63	0.727118
64	0.438489
65	0.346522
66	0.38226
67	0.48794
68	0.393977
69	0.487954
70	0.544473
71	0.586898
72	0.392634
73	0.551988
74	0.674255
75	0.612225
76	0.479938
77	0.646491
78	0.792734
79	0.505363
80	0.516814
81	0.792734
82	0.674325
83	0.499092
84	0.527514
85	0.673805
86	0.433157
87	0.447728
88	0.674826
89	0.620484
90	0.408517
91	0.280427
92	0.475685
93	0
94	0
95	0
96	0.335141
97	0.379097
98	0.474393
99	0.634011
100	0
101	0
102	0
103	0
104	0.400043
105	0.429872
106	0.792734
107	0.675189
108	0.570273
109	0.674476
110	0.673893
111	0.559778
112	0.617584
113	0.792734
114	0.674602
115	0.358679
116	0.67489
117	0.610764
118	0.792734
119	0.792734
120	0.675035
121	0.495801
122	0.514808
123	0.750127
124	0.67392
125	0.674278
126	0.521195
127	0.612518
128	0.84445
129	0.592328
130	0.491632
131	0.391888
132	0.322008
133	0.509378
134	0
135	0
136	0
137	0
138	0.613093
139	1
140	0.57907
141	0.921147
142	0
143	0
144	0
145	1
146	0.745258
147	0.393035
148	0.67422
149	1
150	0.860726
151	0.590127
152	0.579924
153	0.619595
154	0.4322
155	0.531214
156	0.777446
157	0.859561
158	0.629439
159	0.584574
160	0.585548
161	0.859726
162	0.644634
163	0.723229
164	0.771664
165	0.666152
166	0.70372
167	1
168	0.859329
169	0.859771
170	0.858755
171	1
172	0.704113
173	0.859739
174	1
175	0.716026
176	0.598862
177	0.789199
178	0.919599
179	0.85858
180	0.58421
181	0
182	0
183	0
184	0
185	0
186	0.859993
187	0.859407
188	0.875325
189	0.501651
190	0.646518
191	0.539375
192	0.509301
193	0
194	0
195	0
196	0
197	0
198	0
199	0
200	0
201	0
202	0.574593
203	0.648289
204	0.548411
205	0.736215
206	0.785168
207	0.622272
208	0.647325
209	0.681737
210	0.859457
211	0.618344
212	0.47989
213	0.669558
214	1
215	0.539079
216	0.566877
217	0.676446
218	0.498328
219	0.443463
220	0.859469
221	0.692124
222	0
223	0.810732
224	1
225	0.590527
226	0.506092
227	0.657681
228	0.471898
229	0.789666
230	0.566033
231	0.43543
232	0.622938
233	0.377365
234	0.352329
235	0.436807
236	0.364837
237	0.331528
238	0.435754
239	0.602586
240	0.522236
241	0
242	0
243	1
244	0.683218
245	0.68434
246	0.585164
247	0.447274
248	0.606762
249	0.540063
250	0.705093
251	0.734582
252	0.510357
253	0
254	0
255	0
256	0
257	0
258	0.305516
259	0.858618
260	0.712111
261	0.588728
262	0.445813
263	0.825954
264	0.622499
265	0.597036
266	0.525409
267	0.666564
268	0.776918
269	0.653752
270	0.541066
271	1
272	0.860201
273	0.590102
274	0.701087
275	0.859357
276	1
277	0.537167
278	0.771175
279	0.859148
280	0.474448
281	0.834296
282	0.859771
283	0.859506
284	0.859357
285	0.580939
286	0.789868
287	0.594021
288	0.556065
289	0.830656
290	0.859984
291	0.610373
292	0.419957
293	0.557427
294	0.671941
295	0.547363
296	0
297	0
298	0.641341
299	0.859721
300	0
301	0
302	1
303	0.727045
304	0.667147
305	0.859984
306	0.744169
307	0.859362
308	0.812113
309	0.859883
310	0.554663
311	0.845937
312	0.858867
313	1
314	0.790372
315	0.601296
316	1
317	0.575088
318	0.635185
319	0.859224
320	1
321	1
322	1
323	0.845893
324	0.735586
325	0.649929
326	0.556275
327	0.598367
328	0.793366
329	0.559199
330	0.757045
331	0.843315
332	0.860322
333	0.540241
334	0.713814
335	0.443417
336	0.391211
337	0
338	0.390573
339	0.686793
340	0
341	0.455876
342	0.756887
343	0.7418
344	0.85858
345	0.496963
346	0.526156
347	0.819355
348	0.501615
349	0.430075
350	0.769831
351	0.498303
352	0.425166
353	0.628713
354	0.867439
355	0.483253
356	0.667781
357	0.859927
358	0.569553
359	0.615682
360	0.822203
361	0.701817
362	0.63601
363	0.487593
364	0.859812
365	0.781421
366	0.595047
367	0.574929
368	0.859418
369	0.859357
370	0.637709
371	0.782892
372	1
373	0.859909
374	1
375	0.749373
376	0.860072
377	0.554925
378	0.859939
379	0
380	0
381	0
382	0
383	0
384	0
385	0
386	0
387	0
388	1
389	0.860726
390	0.530712
391	0.545911
392	0.910103
393	0.739383
394	0.441824
395	0.622446
396	0.796084
397	0.615566
398	0.555758
399	0.498753
400	0.789923
401	0.691515
402	0.722285
403	0.711553
404	0.687717
405	0.524241
406	0.270052
407	0.439274
408	0.322652
409	0.427091
410	0.334884
411	0.581683
412	0.346576
413	0.465652
414	0.683806
415	0.41363
416	0.427599
417	0.616188
418	0.521669
419	0.434016
420	0.624197
421	0.475006
422	0.438204
423	0.445387
424	0.561534
425	0.395688
426	0.544613
427	0.407862
428	0
429	0
430	0
431	0
432	0
433	0
434	0
435	0
436	0
437	0
438	0
439	0
440	0
441	0
442	0
443	0
444	0
445	0
446	0
447	0
448	0
449	0
450	0
451	0
452	0
453	0
