1	0
2	0
3	0
4	0
5	0
6	0
7	0
8	0
9	0
10	0
11	0
12	0
13	0
14	0
15	0
16	0
17	0
18	0
19	0
20	0
21	0
22	0
23	0
24	0
25	0
26	0
27	0
28	0.428521
29	0.312547
30	0.337546
31	0.291073
32	0.337791
33	0.385034
34	0.0334718
35	0.198053
36	0.427163
37	0.241126
38	0.202973
39	0.36591
40	0.342413
41	0.277655
42	0.333336
43	0.32714
44	0.359119
45	0.0347522
46	0.398585
47	0.214713
48	0.377176
49	0.32081
50	0.439874
51	0.292417
52	0.23759
53	0.552131
54	0.480079
55	0.304214
56	0
57	0
58	0
59	0
60	0
61	0
62	0.554207
63	0.280641
64	0.329819
65	0.359899
66	0.708621
67	0.697539
68	0.658658
69	0.601896
70	0.445464
71	0.708904
72	0.39901
73	0.528011
74	0.607909
75	0.708736
76	0.449823
77	0.448626
78	0.795707
79	0.683358
80	0.538787
81	0.892039
82	1
83	0.64258
84	0.797965
85	0.833284
86	0.731341
87	0.61264
88	0.767153
89	0.622025
90	0.657895
91	0.80527
92	0.634905
93	0
94	0
95	0
96	0.505532
97	0.731352
98	0.671188
99	0.693004
100	0
101	0
102	0
103	0
104	0.595581
105	0.688137
106	0.772353
107	0.798786
108	0.481976
109	0.776916
110	0.939311
111	0.519639
112	0.83751
113	0.893289
114	0.696252
115	0.609364
116	1
117	0.891674
118	0.71482
119	0.677649
120	1
121	0.63601
122	0.662575
123	0.798507
124	0.900244
125	0.901201
126	0.798073
127	0.937512
128	0.689178
129	0.718819
130	0.497194
131	0.402094
132	0.47634
133	0.635062
134	0
135	0
136	0
137	0
138	0.631009
139	0.833105
140	0.681668
141	0.891658
142	0
143	0
144	0
145	0.835924
146	0.258372
147	0.507608
148	0.657497
149	1
150	0.77305
151	0.496714
152	0.651575
153	0.569061
154	0.747494
155	0.474671
156	0.797848
157	0.620211
158	0.535141
159	0.839837
160	0.647884
161	0.758398
162	0.717511
163	0.831684
164	0.797805
165	0.892709
166	0.538424
167	0.839721
168	0.731687
169	0.72375
170	0.925174
171	0.781922
172	0.679939
173	0.878559
174	1
175	0.726496
176	0.539036
177	0.673891
178	0.78506
179	0.711002
180	0.527025
181	0
182	0
183	0
184	0
185	0
186	0.840822
187	0.741559
188	0.893128
189	0.565699
190	0.563665
191	0.509157
192	0.483513
193	0.726379
194	0.613811
195	0
196	0
197	0
198	0.681188
199	0
200	0
201	0
202	0.59476
203	0.488901
204	0.44418
205	0.618773
206	0.734146
207	0.649039
208	0.457311
209	0.590229
210	0.760883
211	0.373545
212	0.407146
213	0.701112
214	1
215	0.539762
216	0.561688
217	0.788894
218	0.795681
219	0.64044
220	0.608689
221	0.69809
222	0
223	0.640763
224	1
225	0.831841
226	0.542687
227	0.649071
228	0.847735
229	0.709453
230	0.337074
231	0.682879
232	0.31889
233	0.24994
234	0.351428
235	0.70793
236	0.556721
237	0.266677
238	0.541915
239	0
240	0
241	0
242	0
243	1
244	0.350221
245	0.760611
246	0.391531
247	0.273442
248	0.520344
249	0
250	0
251	0
252	0
253	0
254	0
255	0
256	0
257	0
258	0.323987
259	0.661939
260	0.582195
261	0.532821
262	0.568689
263	0.646911
264	0.600029
265	0.521258
266	0.597562
267	0.797811
268	0.674605
269	0.669871
270	0.774878
271	0.839426
272	0.944482
273	0.907607
274	0.649307
275	1
276	0.762868
277	0.631921
278	0.594955
279	0.79936
280	0.602347
281	0.635221
282	0.742985
283	1
284	0.649314
285	0.547027
286	1
287	0.687427
288	0.602274
289	0.755298
290	0.893234
291	0.696681
292	0.459889
293	0.81308
294	0.637132
295	0.658941
296	0
297	0
298	0.739279
299	0.704639
300	0
301	0
302	0.888764
303	0.84814
304	0.77999
305	0.79856
306	0.862221
307	0.686356
308	0.786064
309	0.737476
310	0.790264
311	0.697129
312	0.718195
313	0.66596
314	0.597015
315	0.65567
316	0.900431
317	0.715007
318	0.740817
319	0.739631
320	0.891004
321	0.568328
322	0.900819
323	0.734358
324	0.678625
325	0.752279
326	0.478973
327	0.598694
328	0.811521
329	0.591838
330	0.513922
331	0.445351
332	0.463028
333	0.352229
334	0
335	0
336	0
337	0
338	0.587379
339	0.615578
340	0.499164
341	0.35421
342	0.471016
343	0
344	0
345	0
346	0
347	0.474895
348	0.496401
349	0.482133
350	0.598605
351	0.348729
352	0.64958
353	0.554757
354	0.633173
355	0.504793
356	0.726307
357	0.84094
358	0.799166
359	0.696084
360	0.782053
361	0.860135
362	0.881555
363	0.632626
364	0.657026
365	0.572461
366	0.798203
367	0.742294
368	1
369	1
370	0.54539
371	0.742656
372	0.889852
373	0.513954
374	0.704229
375	0.571174
376	0.600591
377	0.520925
378	0.799494
379	0.790766
380	0.789148
381	0.617083
382	0.65046
383	0.633942
384	0.401179
385	0.757429
386	0.57074
387	0.423185
388	0.604045
389	0.574862
390	0.413534
391	0.506755
392	0.619888
393	0.397259
394	0.499019
395	0.444713
396	0.405793
397	0.445642
398	0.337842
399	0.421758
400	0.24852
401	0.444385
402	0.318787
403	0.391005
404	0.274064
405	0.556894
406	0.58131
407	0.512207
408	0.365565
409	0.583991
410	0.579472
411	0.359971
412	0.298435
413	0.601002
414	0.538655
415	0.498614
416	0.455563
417	0.497151
418	0.383101
419	0.477782
420	0.340422
421	0.617797
422	0.492437
423	0.562702
424	0.322033
425	0.398956
426	0.385687
427	0
428	0
429	0
430	0
431	0
432	0
433	0
434	0
435	0
436	0
437	0
438	0
439	0
440	0
441	0
442	0
443	0
444	0
445	0
446	0
447	0
448	0
449	0
450	0
451	0
452	0
453	0
