1	0
2	0
3	0
4	0
5	0
6	0
7	0
8	0
9	0
10	0
11	0
12	0
13	0
14	0.238086
15	0.221148
16	0.245075
17	0.204048
18	0.197921
19	0.224242
20	0.241965
21	0.187811
22	0.208289
23	0.22642
24	0.188725
25	0.154416
26	0.171828
27	0.192526
28	0.185227
29	0.221861
30	0.197756
31	0.217188
32	0.154689
33	0.231255
34	0.276104
35	0.232526
36	0.255194
37	0.330402
38	0.287403
39	0.279509
40	0.189579
41	0.38468
42	0.203454
43	0.310593
44	0.233355
45	0.177158
46	0.174828
47	0.299784
48	0.22497
49	0.265634
50	0.305947
51	0.612769
52	0.217227
53	0.266583
54	0.213353
55	0.301375
56	0.343973
57	0.250298
58	0.262798
59	0.244251
60	0.218433
61	0.311849
62	0.597154
63	0.303447
64	0.375657
65	0.525573
66	0.658322
67	0.360472
68	0.555098
69	0.535358
70	0.423658
71	0.608553
72	0.550946
73	0.492486
74	0.527084
75	0.668079
76	0.755022
77	0.746854
78	0.87491
79	0.418444
80	0.315181
81	0.87491
82	0.87491
83	0.36983
84	0.87491
85	0.600547
86	0.512198
87	0.47581
88	0.543446
89	0.696154
90	0.378316
91	0.466187
92	0.442721
93	0
94	0
95	0
96	0.4979
97	0.4117
98	0.323312
99	0.696155
100	0
101	0
102	0
103	0
104	0.497313
105	0.433813
106	0.631772
107	0.734301
108	0.390261
109	0.535377
110	0.784227
111	0.584016
112	0.783843
113	0.737039
114	0.79946
115	0.498511
116	0.688818
117	0.752956
118	0.696034
119	0.594219
120	0.740181
121	0.55322
122	0.502391
123	0.512909
124	0.4973
125	0.783253
126	0.783485
127	0.392321
128	0.485052
129	0.423271
130	0.515624
131	0.442767
132	0.342712
133	0.465856
134	0
135	0
136	0
137	0
138	0.696225
139	0.782326
140	0.527112
141	0.600431
142	0
143	0
144	0
145	0.87491
146	0.327592
147	0.685141
148	0.719535
149	0.87491
150	0.576438
151	0.346089
152	0.394541
153	0.412793
154	0.411462
155	0.508533
156	0.372164
157	0.422384
158	0.53581
159	0.61943
160	0.631809
161	0.508853
162	0.73785
163	0.623751
164	0.697239
165	0.57488
166	0.892556
167	0.901954
168	0.746988
169	0.758468
170	0.901619
171	0.661694
172	0.623473
173	0.80681
174	1
175	0.899994
176	0.76072
177	0.900328
178	0.713273
179	0.760706
180	0.692275
181	0
182	0
183	0
184	0
185	0
186	0.846586
187	0.603276
188	0.541499
189	0.504356
190	0.502868
191	0.584575
192	0.508309
193	0.738669
194	0
195	0
196	0
197	0
198	0
199	0
200	0
201	0
202	0.766135
203	0.4469
204	0.569109
205	0.504206
206	0.618542
207	0.730865
208	0.551559
209	0.629119
210	0.759239
211	0.381207
212	0.411528
213	0.544638
214	1
215	0.582402
216	0.361311
217	0.48563
218	0.577242
219	0.446867
220	0.458802
221	0.549087
222	0
223	0.579566
224	0.90104
225	0.523084
226	0.565642
227	0.471775
228	0.756053
229	0.423142
230	0.40043
231	0.647147
232	0.316008
233	0.279062
234	0.221358
235	0.278722
236	0.252582
237	0.506713
238	0.199051
239	0.418942
240	0.452513
241	0.198403
242	0.164111
243	0.90026
244	0.372708
245	0.651828
246	0.316446
247	0.409162
248	0.438483
249	0.509998
250	0.456497
251	0.411295
252	0.556025
253	0
254	0
255	0
256	0
257	0.388027
258	0.589446
259	0.501412
260	0.523278
261	0.635931
262	0.583141
263	0.476592
264	0.681621
265	0.665991
266	0.746425
267	0.489625
268	0.8064
269	0.443029
270	0.380281
271	0.35189
272	0.806323
273	0.695172
274	0.692719
275	0.775635
276	0.681754
277	0.54839
278	0.710489
279	0.806909
280	0.408129
281	0.572294
282	0.806213
283	0.900173
284	0.426388
285	0.514538
286	0.634648
287	0.723201
288	0.394795
289	0.56524
290	0.805971
291	0.508664
292	0.539431
293	0.659881
294	0.601909
295	0.361572
296	0
297	0
298	0
299	0.711612
300	0.411224
301	0.557876
302	0.650208
303	0.712828
304	0.635311
305	1
306	0.70757
307	0.805407
308	0.658428
309	0.828406
310	0.667951
311	0.779321
312	0.844456
313	0.806462
314	0.405565
315	0.750937
316	0.846791
317	0.518228
318	0.625021
319	0.90026
320	0.900882
321	0.611453
322	1
323	0.649835
324	0.595134
325	0.659639
326	0.463508
327	0.52649
328	0.599103
329	0.698069
330	0.423338
331	0.80661
332	0.658299
333	0.382459
334	0.330155
335	0.761435
336	0.365411
337	0
338	0.450946
339	0.391516
340	0
341	0.277428
342	0.454087
343	0.348828
344	0.759686
345	0.26715
346	0.43132
347	0.270363
348	0.260146
349	0.298924
350	0.743885
351	0.337293
352	0.309966
353	0.589564
354	0.501873
355	0.353749
356	0.507253
357	0.526371
358	0.638924
359	0.43673
360	0.733372
361	0.846011
362	0.594669
363	0.470305
364	0.757975
365	0.758125
366	0.798287
367	0.75225
368	1
369	1
370	0.475805
371	0.790307
372	1
373	0.621526
374	0.901763
375	0.500092
376	0.806477
377	0.719354
378	0.702727
379	0.901577
380	0.760605
381	0.445338
382	0.678293
383	0.686238
384	0.399153
385	0.642478
386	0.696249
387	0.852158
388	0.340789
389	0
390	0
391	0
392	0
393	0
394	0
395	0
396	0
397	0.527169
398	0.605101
399	0.832762
400	0.736917
401	0.235279
402	0.357014
403	0.304577
404	0.305792
405	0.257601
406	0.366453
407	0.252964
408	0.25119
409	0.223001
410	0.312202
411	0.194577
412	0.22725
413	0.259402
414	0.379897
415	0.469086
416	0.344686
417	0.503173
418	0.346696
419	0.478635
420	0.529797
421	0.490752
422	0.355213
423	0.494245
424	0.366186
425	0.613455
426	0.607878
427	0.276615
428	0.484082
429	0.475602
430	0.405389
431	0
432	0
433	0
434	0
435	0
436	0
437	0
438	0
439	0
440	0
441	0
442	0
443	0
444	0
445	0
446	0
447	0
448	0
449	0
450	0
451	0
452	0
453	0
